id	num	neg|score	neg|p-value	neg|fdr	neg|rank	neg|goodsgrna	neg|lfc	pos|score	pos|p-value	pos|fdr	pos|rank	pos|goodsgrna	pos|lfc
G0991	10	1.9226e-24	4.9505e-06	0.000707	1	10	-5.5662	1.0	1.0	0.999995	996	0	-5.5662
G0293	10	4.6942e-23	4.9505e-06	0.000707	2	10	-5.8703	1.0	1.0	0.999995	995	0	-5.8703
G0099	10	1.2462e-22	4.9505e-06	0.000707	3	10	-6.0656	1.0	1.0	0.999995	994	0	-6.0656
G0407	10	1.4535e-22	4.9505e-06	0.000707	4	10	-5.5269	1.0	1.0	0.999995	997	0	-5.5269
G0520	10	1.6913e-22	4.9505e-06	0.000707	5	10	-5.1031	1.0	1.0	0.999995	1000	0	-5.1031
G0380	10	1.9635e-22	4.9505e-06	0.000707	6	10	-5.9303	1.0	1.0	0.999995	999	0	-5.9303
G0689	10	3.0331e-22	4.9505e-06	0.000707	7	10	-5.4875	1.0	1.0	0.999995	998	0	-5.4875
G0135	10	0.00077964	0.0027178	0.339728	8	4	-0.036563	0.39842	0.40205	0.994234	378	1	-0.036563
G0904	10	0.0017686	0.0058564	0.650715	9	3	-0.071744	0.97161	0.97173	0.999427	972	0	-0.071744
G0810	10	0.0023375	0.0071436	0.714356	10	2	-0.081325	0.63852	0.6387	0.994234	619	0	-0.081325
G0788	10	0.0050894	0.014183	0.998595	11	3	-0.051065	0.56632	0.56651	0.994234	552	0	-0.051065
G0665	10	0.0060634	0.016856	0.998595	12	3	-0.036188	0.68128	0.68068	0.994234	661	0	-0.036188
G0080	10	0.0088149	0.02348	0.998595	13	2	0.0055674	0.62052	0.62032	0.994234	602	0	0.0055674
G0719	10	0.0089317	0.023777	0.998595	14	2	-0.040299	0.78517	0.78494	0.994234	776	0	-0.040299
G0143	10	0.0091792	0.024401	0.998595	15	3	-0.07273	0.36932	0.37356	0.994234	354	1	-0.07273
G0079	10	0.010641	0.027708	0.998595	16	2	0.034546	0.41096	0.414	0.994234	393	1	0.034546
G0180	10	0.012348	0.031015	0.998595	17	2	-0.037359	0.93659	0.93689	0.994234	937	0	-0.037359
G0086	10	0.014314	0.034025	0.998595	18	2	0.030589	0.37786	0.3819	0.994234	360	1	0.030589
G0839	10	0.015345	0.03552	0.998595	19	2	-0.056203	0.44188	0.44393	0.994234	421	0	-0.056203
G0236	10	0.015495	0.035678	0.998595	20	2	0.031587	0.20231	0.23272	0.994234	215	1	0.031587
G0891	10	0.018465	0.040124	0.998595	21	2	-0.01595	0.73677	0.73602	0.994234	725	0	-0.01595
G0033	10	0.018955	0.041005	0.998595	22	2	0.065507	0.36734	0.37152	0.994234	351	1	0.065507
G0356	10	0.01945	0.041698	0.998595	23	2	-0.090066	0.99	0.9904	0.999995	983	0	-0.090066
G0481	10	0.019616	0.041926	0.998595	24	2	-0.065421	0.99829	0.99813	0.999995	991	0	-0.065421
G0591	10	0.022009	0.045381	0.998595	25	2	-0.1676	0.094247	0.15362	0.994234	131	1	-0.1676
G0959	10	0.02325	0.047252	0.998595	26	2	0.0088798	0.89574	0.89556	0.994234	894	0	0.0088798
G0093	10	0.023791	0.047856	0.998595	27	2	-0.0079412	0.30658	0.31815	0.994234	300	1	-0.0079412
G0897	10	0.025444	0.0505	0.998595	28	2	-0.07973	0.74711	0.74657	0.994234	735	0	-0.07973
G0980	10	0.026383	0.051817	0.998595	29	2	-0.05814	0.83175	0.8309	0.994234	820	0	-0.05814
G0002	10	0.027722	0.053965	0.998595	30	2	-0.02118	0.060771	0.10454	0.994234	82	1	-0.02118
G0391	10	0.0285	0.055282	0.998595	31	2	-0.051665	0.55245	0.55238	0.994234	536	0	-0.051665
G0023	10	0.03252	0.060916	0.998595	32	2	-0.041647	0.9951	0.99533	0.999995	987	0	-0.041647
G0234	10	0.033142	0.061886	0.998595	33	2	-0.015524	0.6715	0.67128	0.994234	653	0	-0.015524
G0289	10	0.033769	0.062827	0.998595	34	2	9.7458e-05	0.821	0.82063	0.994234	813	0	9.7458e-05
G0612	10	0.03419	0.06345	0.998595	35	2	-0.038995	0.18251	0.21821	0.994234	200	1	-0.038995
G0065	10	0.035037	0.064589	0.998595	36	2	-0.031369	0.40095	0.4046	0.994234	381	1	-0.031369
G0859	10	0.035893	0.065748	0.998595	37	2	0.032751	0.78392	0.7836	0.994234	774	0	0.032751
G0031	10	0.03829	0.069361	0.998595	38	2	0.026936	0.14158	0.18755	0.994234	169	1	0.026936
G0280	10	0.041203	0.073866	0.998595	39	2	-0.053811	0.77494	0.77438	0.994234	767	0	-0.053811
G0223	10	0.041658	0.074589	0.998595	40	2	0.099317	0.3116	0.32242	0.994234	307	1	0.099317
G0814	10	0.041887	0.074886	0.998595	41	2	-0.076431	0.46396	0.4659	0.994234	439	0	-0.076431
G0770	10	0.042576	0.075896	0.998595	42	2	-0.031432	0.055085	0.096332	0.994234	72	1	-0.031432
G0697	10	0.044668	0.078946	0.998595	43	2	-0.052225	0.42509	0.42741	0.994234	405	0	-0.052225
G0066	10	0.044903	0.079332	0.998595	44	2	-0.052104	0.75029	0.74961	0.994234	740	0	-0.052104
G0147	10	0.045848	0.080936	0.998595	45	2	0.0095746	0.36998	0.37422	0.994234	355	1	0.0095746
G0282	10	0.0468	0.082173	0.998595	46	2	0.0095286	0.21607	0.24298	0.994234	229	1	0.0095286
G0295	10	0.049458	0.08653	0.998595	47	2	-0.030361	0.012484	0.032144	0.994234	20	2	-0.030361
G0703	10	0.049947	0.087213	0.998595	48	2	-0.0084415	0.86839	0.86833	0.994234	865	0	-0.0084415
G0067	10	0.050193	0.08752	0.998595	49	2	0.0091048	0.74914	0.74855	0.994234	737	0	0.0091048
G0213	10	0.050685	0.088431	0.998595	50	2	-0.037796	0.80138	0.80083	0.994234	795	0	-0.037796
G0683	10	0.050932	0.088827	0.998595	51	2	-0.016746	0.53619	0.53623	0.994234	518	0	-0.016746
G0797	10	0.051923	0.09054	0.998595	52	2	-0.031976	0.13896	0.18556	0.994234	166	1	-0.031976
G0848	10	0.053676	0.092955	0.998595	53	2	-0.0060024	0.72916	0.72816	0.994234	717	0	-0.0060024
G0568	10	0.054181	0.093807	0.998595	54	2	0.030666	0.33274	0.3402	0.994234	321	1	0.030666
G0876	10	0.057765	0.099015	0.998595	55	2	-0.14521	0.49884	0.49953	0.994234	475	0	-0.14521
G0973	10	0.058804	0.10063	0.998595	56	2	-0.055528	0.87015	0.87016	0.994234	868	0	-0.055528
G0774	10	0.060114	0.10248	0.998595	57	2	-0.075605	0.60693	0.60649	0.994234	587	0	-0.075605
G0272	10	0.060904	0.10372	0.998595	58	2	0.022547	0.61165	0.61138	0.994234	590	0	0.022547
G0642	10	0.061699	0.10525	0.998595	59	2	-0.071026	0.71397	0.71299	0.994234	698	0	-0.071026
G0964	10	0.063299	0.10762	0.998595	60	2	-0.087627	0.94081	0.94096	0.994234	941	0	-0.087627
G0196	10	0.064644	0.10964	0.998595	61	2	-0.042609	0.68448	0.68398	0.994234	665	0	-0.042609
G0047	10	0.066272	0.11219	0.998595	62	2	0.070107	0.20313	0.23328	0.994234	216	1	0.070107
G0602	10	0.067365	0.11385	0.998595	63	2	0.02934	0.34582	0.3515	0.994234	330	1	0.02934
G0415	10	0.067366	0.11385	0.998595	64	1	0.024303	0.91475	0.91436	0.994234	912	0	0.024303
G0817	10	0.067639	0.11418	0.998595	65	2	-0.089584	0.52197	0.52191	0.994234	501	0	-0.089584
G0808	10	0.069293	0.1166	0.998595	66	2	-0.029649	0.90185	0.90157	0.994234	896	0	-0.029649
G0249	10	0.069848	0.11739	0.998595	67	2	0.059789	0.6667	0.66628	0.994234	646	0	0.059789
G0849	10	0.07018	0.118	0.998595	68	1	0.015873	0.1974	0.22903	0.994234	211	1	0.015873
G0862	10	0.070962	0.11918	0.998595	69	2	0.010469	0.90381	0.90343	0.994234	897	0	0.010469
G0527	10	0.071241	0.11969	0.998595	70	2	-0.040816	0.77125	0.77078	0.994234	762	0	-0.040816
G0629	10	0.071521	0.11999	0.998595	71	2	-0.021796	0.69184	0.69119	0.994234	672	0	-0.021796
G0442	10	0.072051	0.12068	0.998595	72	1	0.035935	0.78742	0.78701	0.994234	777	0	0.035935
G0548	10	0.072644	0.12156	0.998595	73	2	-0.081298	0.48744	0.48825	0.994234	464	0	-0.081298
G0787	10	0.072986	0.12195	0.998595	74	1	0.010236	0.061434	0.1058	0.994234	83	2	0.010236
G0043	10	0.073773	0.12291	0.998595	75	2	0.036583	0.66966	0.66955	0.994234	649	0	0.036583
G0406	10	0.073919	0.12312	0.998595	76	2	0.035161	0.43054	0.43257	0.994234	411	0	0.035161
G0256	10	0.074057	0.12339	0.998595	77	2	0.019912	0.043037	0.078104	0.994234	53	2	0.019912
G0693	10	0.074852	0.12453	0.998595	78	1	0.037246	0.77178	0.77135	0.994234	763	0	0.037246
G0928	10	0.075193	0.12503	0.998595	79	2	-0.011782	0.95178	0.952	0.994234	956	0	-0.011782
G0499	10	0.076623	0.12696	0.998595	80	2	-0.13493	0.92754	0.92727	0.994234	928	0	-0.13493
G0186	10	0.076715	0.12707	0.998595	81	1	0.03014	0.17329	0.21101	0.994234	193	1	0.03014
G0470	10	0.077646	0.12861	0.998595	82	1	0.034904	0.39078	0.39391	0.994234	371	1	0.034904
G0987	10	0.078575	0.13	0.998595	83	1	-0.029627	0.90526	0.90492	0.994234	899	0	-0.029627
G0161	10	0.07922	0.13095	0.998595	84	2	-0.029872	0.77572	0.77521	0.994234	768	0	-0.029872
G0585	10	0.079504	0.1314	0.998595	85	1	-0.10472	0.072986	0.12255	0.994234	96	1	-0.10472
G0581	10	0.079801	0.13189	0.998595	86	2	-0.039946	0.82562	0.82513	0.994234	818	0	-0.039946
G0756	10	0.080431	0.13271	0.998595	87	1	0.029975	0.3837	0.38724	0.994234	366	1	0.029975
G0676	10	0.08214	0.13534	0.998595	88	2	-0.094836	0.44424	0.4464	0.994234	422	0	-0.094836
G0032	10	0.082284	0.13555	0.998595	89	1	-0.038095	0.27353	0.29009	0.994234	276	1	-0.038095
G0287	10	0.083023	0.13672	0.998595	90	2	0.071434	0.20881	0.23768	0.994234	221	1	0.071434
G0438	10	0.083318	0.13721	0.998595	91	2	-0.07461	0.82437	0.82397	0.994234	817	0	-0.07461
G0858	10	0.083613	0.13766	0.998595	92	2	-0.054427	0.053928	0.094569	0.994234	69	2	-0.054427
G0052	10	0.083909	0.13805	0.998595	93	2	-0.021145	0.045539	0.081916	0.994234	60	2	-0.021145
G0495	10	0.084134	0.13829	0.998595	94	1	0.02816	0.13458	0.18264	0.994234	162	1	0.02816
G0550	10	0.085057	0.13963	0.998595	95	1	0.027088	0.48909	0.48981	0.994234	466	0	0.027088
G0076	10	0.08598	0.14089	0.998595	96	1	-0.050234	0.61632	0.61626	0.994234	596	0	-0.050234
G0254	10	0.086902	0.14172	0.998595	97	1	-0.036762	0.84249	0.84164	0.994234	834	0	-0.036762
G0727	10	0.088743	0.14311	0.998595	98	1	-0.1125	0.53014	0.53022	0.994234	510	0	-0.1125
G0346	10	0.089662	0.14367	0.998595	99	1	0.0039108	0.91332	0.91293	0.994234	909	0	0.0039108
G0698	10	0.091499	0.14504	0.998595	100	1	0.0046819	0.62839	0.62876	0.994234	607	0	0.0046819
G0317	10	0.092416	0.14573	0.998595	101	1	0.039025	0.41344	0.41618	0.994234	397	1	0.039025
G0331	10	0.094247	0.14708	0.998595	102	1	-0.022287	0.92931	0.92917	0.994234	931	0	-0.022287
G0077	10	0.096075	0.14818	0.998595	103	1	0.044069	0.52402	0.52393	0.994234	504	0	0.044069
G0592	10	0.09881	0.15005	0.998595	104	1	-0.016379	0.99244	0.99271	0.999995	985	0	-0.016379
G0635	10	0.10154	0.15179	0.998595	105	1	0.031971	0.368	0.37221	0.994234	352	1	0.031971
G0961	10	0.10245	0.15228	0.998595	106	1	-0.03845	0.0082415	0.022233	0.994234	14	2	-0.03845
G0760	10	0.10516	0.15399	0.998595	107	1	0.075034	0.0090155	0.023965	0.994234	15	3	0.075034
G0096	10	0.10697	0.15509	0.998595	108	1	-0.0094538	0.78189	0.78144	0.994234	772	0	-0.0094538
G0198	10	0.10788	0.15579	0.998595	109	1	-0.056064	0.83749	0.83671	0.994234	827	0	-0.056064
G0522	10	0.10878	0.1564	0.998595	110	1	0.011904	0.61674	0.61667	0.994234	597	0	0.011904
G0311	10	0.11058	0.15775	0.998595	111	1	0.055575	0.06266	0.10771	0.994234	84	1	0.055575
G0717	10	0.11148	0.15842	0.998595	112	1	0.032981	0.045375	0.08152	0.994234	59	2	0.032981
G0010	10	0.11238	0.159	0.998595	113	1	-0.058084	0.83807	0.83719	0.994234	828	0	-0.058084
G0624	10	0.11327	0.15959	0.998595	114	1	0.020075	0.07691	0.1279	0.994234	105	2	0.020075
G0603	10	0.11507	0.16078	0.998595	115	1	-0.04973	0.93849	0.93861	0.994234	939	0	-0.04973
G0898	10	0.11596	0.16141	0.998595	116	1	-0.036442	0.70709	0.70626	0.994234	689	0	-0.036442
G0503	10	0.11775	0.16278	0.998595	117	1	0.028638	0.91839	0.91773	0.994234	919	0	0.028638
G0039	10	0.11954	0.16403	0.998595	118	1	0.053314	0.67733	0.67675	0.994234	657	0	0.053314
G0540	10	0.12043	0.16464	0.998595	119	1	-0.018611	0.64801	0.64828	0.994234	626	0	-0.018611
G0083	10	0.12221	0.16593	0.998595	120	1	-0.073626	0.11148	0.16708	0.994234	150	1	-0.073626
G0344	10	0.12576	0.16851	0.998595	121	1	0.0059564	0.45302	0.45463	0.994234	429	0	0.0059564
G0343	10	0.12664	0.16902	0.998595	122	1	0.084021	0.2847	0.29961	0.994234	285	1	0.084021
G0735	10	0.12753	0.16964	0.998595	123	1	-0.015667	0.044903	0.080777	0.994234	57	2	-0.015667
G0713	10	0.13018	0.17144	0.998595	124	1	-0.019832	0.63369	0.63387	0.994234	612	0	-0.019832
G0092	10	0.13106	0.17216	0.998595	125	1	0.053321	0.18667	0.22112	0.994234	202	1	0.053321
G0041	10	0.13194	0.17267	0.998595	126	1	-0.044701	0.14939	0.19315	0.994234	177	1	-0.044701
G0429	10	0.13282	0.1733	0.998595	127	1	-0.0073885	0.16482	0.20445	0.994234	187	1	-0.0073885
G0766	10	0.13546	0.17521	0.998595	128	1	0.0051822	0.94159	0.94176	0.994234	943	0	0.0051822
G0868	10	0.13809	0.177	0.998595	129	1	-0.066383	0.34514	0.35091	0.994234	329	1	-0.066383
G0532	10	0.13896	0.17767	0.998595	130	1	0.075284	0.78791	0.78754	0.994234	778	0	0.075284
G0718	10	0.13983	0.17842	0.998595	131	1	-0.021909	0.52709	0.52703	0.994234	506	0	-0.021909
G0720	10	0.14245	0.18038	0.998595	132	1	0.055501	0.48249	0.48321	0.994234	459	0	0.055501
G0148	10	0.14332	0.181	0.998595	133	1	-0.1005	0.65956	0.65956	0.994234	640	0	-0.1005
G0115	10	0.14506	0.18239	0.998595	134	1	-0.010901	0.51835	0.51807	0.994234	496	0	-0.010901
G0493	10	0.14593	0.18301	0.998595	135	1	-0.067047	0.14419	0.18945	0.994234	171	1	-0.067047
G0422	10	0.14679	0.18367	0.998595	136	1	0.018124	0.11327	0.16822	0.994234	151	1	0.018124
G0270	10	0.14853	0.18496	0.998595	137	1	0.00055906	0.86951	0.8695	0.994234	867	0	0.00055906
G0611	10	0.15112	0.18692	0.998595	138	1	0.013441	0.48194	0.48272	0.994234	458	0	0.013441
G0341	10	0.15284	0.18827	0.998595	139	1	0.035417	0.0053254	0.015035	0.994234	9	3	0.035417
G0266	10	0.1537	0.18902	0.998595	140	1	-0.060878	0.087185	0.14281	0.994234	120	2	-0.060878
G0803	10	0.15628	0.19097	0.998595	141	1	0.04164	0.49668	0.49753	0.994234	474	0	0.04164
G0856	10	0.15971	0.19351	0.998595	142	1	-0.04002	0.48138	0.48215	0.994234	457	0	-0.04002
G0837	10	0.16142	0.19474	0.998595	143	1	-0.015008	0.36601	0.37027	0.994234	349	1	-0.015008
G0574	10	0.16312	0.19603	0.998595	144	1	-0.03792	0.22804	0.25248	0.994234	240	1	-0.03792
G0687	10	0.16397	0.19659	0.998595	145	1	-0.037423	0.95243	0.95265	0.994234	957	0	-0.037423
G0616	10	0.16482	0.19723	0.998595	146	1	0.0077804	0.58617	0.58565	0.994234	570	0	0.0077804
G0556	10	0.16567	0.19793	0.998595	147	1	0.05378	0.63166	0.63188	0.994234	609	0	0.05378
G0497	10	0.16652	0.19858	0.998595	148	1	-0.073093	0.89269	0.89282	0.994234	891	0	-0.073093
G0197	10	0.16907	0.20059	0.998595	149	1	0.0055803	0.40284	0.40639	0.994234	384	1	0.0055803
G0309	10	0.17076	0.20198	0.998595	150	1	-0.083012	0.72637	0.72523	0.994234	715	0	-0.083012
G0397	10	0.1716	0.20271	0.998595	151	1	0.027434	0.53317	0.5332	0.994234	515	0	0.027434
G0737	10	0.17329	0.20406	0.998595	152	1	0.050363	0.86078	0.86056	0.994234	857	0	0.050363
G0084	10	0.17497	0.20537	0.998595	153	1	0.0014437	0.57519	0.57509	0.994234	559	0	0.0014437
G0372	10	0.17581	0.20608	0.998595	154	1	-0.015144	0.86774	0.86762	0.994234	864	0	-0.015144
G0589	10	0.17665	0.20682	0.998595	155	1	-0.00026647	0.30153	0.3142	0.994234	297	1	-0.00026647
G0871	10	0.17749	0.20757	0.998595	156	1	0.0080463	0.78989	0.78953	0.994234	781	0	0.0080463
G0829	10	0.18	0.20967	0.998595	157	1	0.047388	0.84549	0.84459	0.994234	835	0	0.047388
G0940	10	0.18084	0.21023	0.998595	158	1	-0.046483	0.049368	0.087728	0.994234	64	2	-0.046483
G0997	10	0.18251	0.21146	0.998595	159	1	0.0039695	0.18334	0.21883	0.994234	201	1	0.0039695
G0291	10	0.18418	0.21272	0.998595	160	1	-0.051265	0.79499	0.79435	0.994234	788	0	-0.051265
G0383	10	0.18501	0.21332	0.998595	161	1	-0.025178	0.76043	0.75995	0.994234	750	0	-0.025178
G0153	10	0.18667	0.21447	0.998595	162	1	-0.021788	0.45127	0.45303	0.994234	428	0	-0.021788
G0017	10	0.1875	0.21495	0.998595	163	1	-0.025168	0.6341	0.6343	0.994234	613	0	-0.025168
G0892	10	0.18833	0.21554	0.998595	164	1	-0.032519	0.58117	0.5808	0.994234	564	0	-0.032519
G0034	10	0.18916	0.21615	0.998595	165	1	-0.034353	0.72977	0.72881	0.994234	718	0	-0.034353
G0726	10	0.18999	0.2168	0.998595	166	1	-0.054258	0.22248	0.24812	0.994234	234	1	-0.054258
G0986	10	0.19164	0.21807	0.998595	167	1	0.013788	0.19822	0.22961	0.994234	212	1	0.013788
G0028	10	0.19329	0.21931	0.998595	168	1	0.035132	0.16991	0.20838	0.994234	190	1	0.035132
G0228	10	0.19411	0.22	0.998595	169	1	0.02519	0.9141	0.91367	0.994234	911	0	0.02519
G0005	10	0.19576	0.2213	0.998595	170	1	-0.03075	0.69632	0.69591	0.994234	677	0	-0.03075
G0224	10	0.19658	0.22192	0.998595	171	1	0.017043	0.31516	0.32566	0.994234	311	1	0.017043
G0880	10	0.19822	0.22323	0.998595	172	1	0.0028265	0.28248	0.29776	0.994234	282	1	0.0028265
G0518	10	0.19904	0.22377	0.998595	173	1	-0.093115	0.21366	0.24129	0.994234	227	1	-0.093115
G0648	10	0.20149	0.22581	0.998595	174	1	-0.0054703	0.88176	0.88239	0.994234	879	0	-0.0054703
G0445	10	0.20313	0.22705	0.998595	175	1	0.070355	0.085691	0.14082	0.994234	119	2	0.070355
G0348	10	0.20394	0.22778	0.998595	176	1	-0.055261	0.81539	0.81496	0.994234	807	0	-0.055261
G0088	10	0.20475	0.22842	0.998595	177	1	0.071124	0.73345	0.73263	0.994234	721	0	0.071124
G0201	10	0.20557	0.22903	0.998595	178	1	-0.063034	0.96387	0.96391	0.999427	962	0	-0.063034
G0169	10	0.20638	0.22964	0.998595	179	1	0.0094511	0.29935	0.31212	0.994234	294	1	0.0094511
G0802	10	0.20719	0.23027	0.998595	180	1	0.097825	0.010674	0.027827	0.994234	18	3	0.097825
G0504	10	0.208	0.23092	0.998595	181	1	0.022105	0.70973	0.70877	0.994234	692	0	0.022105
G0490	10	0.20881	0.23163	0.998595	182	1	0.016806	0.80531	0.80491	0.994234	798	0	0.016806
G0175	10	0.20962	0.2322	0.998595	183	1	0.05925	0.094168	0.15349	0.994234	130	2	0.05925
G0995	10	0.21043	0.23298	0.998595	184	1	-0.0484	0.91744	0.91686	0.994234	917	0	-0.0484
G0037	10	0.21285	0.23467	0.998595	185	1	-0.059247	0.72229	0.72125	0.994234	710	0	-0.059247
G0269	10	0.21366	0.23533	0.998595	186	1	-0.013445	0.77985	0.7796	0.994234	770	0	-0.013445
G0832	10	0.21446	0.23591	0.998595	187	1	-0.003158	0.19658	0.22835	0.994234	210	1	-0.003158
G0418	10	0.21527	0.23652	0.998595	188	1	0.022829	0.013739	0.035064	0.994234	24	2	0.022829
G0127	10	0.21928	0.23974	0.998595	189	1	0.046281	0.083023	0.137	0.994234	114	2	0.046281
G0870	10	0.22088	0.24092	0.998595	190	1	0.035467	0.07349	0.1231	0.994234	98	2	0.035467
G0724	10	0.22168	0.24171	0.998595	191	1	-0.076538	0.25071	0.27078	0.994234	255	1	-0.076538
G0298	10	0.22327	0.24308	0.998595	192	1	-0.030492	0.8886	0.88881	0.994234	885	0	-0.030492
G0668	10	0.22407	0.24382	0.998595	193	1	0.0075281	0.63288	0.63296	0.994234	611	0	0.0075281
G0655	10	0.22566	0.24513	0.998595	194	1	-0.049178	0.65306	0.65346	0.994234	633	0	-0.049178
G0501	10	0.22804	0.24693	0.998595	195	1	-0.1199	0.69288	0.69232	0.994234	674	0	-0.1199
G0271	10	0.22962	0.2482	0.998595	196	1	0.077641	0.47582	0.47697	0.994234	450	0	0.077641
G0701	10	0.23357	0.25159	0.998595	197	1	0.061173	0.00051629	0.0018267	0.39505	4	3	0.061173
G0252	10	0.23435	0.25239	0.998595	198	1	0.016888	0.12043	0.17306	0.994234	156	1	0.016888
G0113	10	0.23514	0.25303	0.998595	199	1	-0.040476	0.54018	0.54021	0.994234	524	0	-0.040476
G1000	10	0.23592	0.2537	0.998595	200	1	0.073057	0.068464	0.11618	0.994234	92	2	0.073057
G0902	10	0.23749	0.25488	0.998595	201	1	0.013019	0.043619	0.078847	0.994234	54	1	0.013019
G0103	10	0.23906	0.25604	0.998595	202	1	0.0075046	0.48028	0.48124	0.994234	455	0	0.0075046
G0239	10	0.24062	0.25737	0.998595	203	1	-0.011849	0.88874	0.88893	0.994234	886	0	-0.011849
G0299	10	0.2414	0.25796	0.998595	204	1	0.01729	0.70443	0.70359	0.994234	687	0	0.01729
G0732	10	0.24296	0.25905	0.998595	205	1	0.019448	0.55051	0.5505	0.994234	535	0	0.019448
G0379	10	0.24374	0.25976	0.998595	206	1	-0.026054	0.76617	0.76601	0.994234	757	0	-0.026054
G0001	10	0.24451	0.26065	0.998595	207	1	0.10648	0.21688	0.24359	0.994234	230	1	0.10648
G0136	10	0.24529	0.26128	0.998595	208	1	0.03586	0.56063	0.56106	0.994234	547	0	0.03586
G0089	10	0.24684	0.26253	0.998595	209	1	0.010733	0.57842	0.57806	0.994234	562	0	0.010733
G0855	10	0.24762	0.26329	0.998595	210	1	0.077324	0.14766	0.19188	0.994234	175	1	0.077324
G0507	10	0.24839	0.26396	0.998595	211	1	-0.055655	0.14679	0.19132	0.994234	174	1	-0.055655
G0414	10	0.24994	0.26536	0.998595	212	1	-0.032711	0.16737	0.20642	0.994234	188	1	-0.032711
G0172	10	0.25071	0.26584	0.998595	213	1	-0.022221	0.42873	0.4307	0.994234	409	0	-0.022221
G0617	10	0.25225	0.26708	0.998595	214	1	0.054105	0.84753	0.84669	0.994234	838	0	0.054105
G0091	10	0.25302	0.2676	0.998595	215	1	-0.03895	0.32224	0.33129	0.994234	314	1	-0.03895
G0482	10	0.25379	0.2682	0.998595	216	1	0.016646	0.084134	0.13855	0.994234	118	1	0.016646
G0247	10	0.25455	0.26902	0.998595	217	1	-0.023016	0.9489	0.94905	0.994234	954	0	-0.023016
G0216	10	0.25609	0.27054	0.998595	218	1	-0.11142	0.67114	0.67092	0.994234	652	0	-0.11142
G0937	10	0.25685	0.2712	0.998595	219	1	-0.065189	0.93308	0.93313	0.994234	933	0	-0.065189
G0893	10	0.25838	0.27247	0.998595	220	1	0.042267	0.63248	0.63261	0.994234	610	0	0.042267
G0547	10	0.25915	0.27316	0.998595	221	1	0.064536	0.63491	0.63505	0.994234	615	0	0.064536
G0560	10	0.26067	0.27445	0.998595	222	1	0.0048476	0.8229	0.82228	0.994234	815	0	0.0048476
G0538	10	0.2622	0.27557	0.998595	223	1	-0.089295	0.033969	0.064807	0.994234	38	1	-0.089295
G0899	10	0.26296	0.27613	0.998595	224	1	-0.023578	0.58707	0.58644	0.994234	572	0	-0.023578
G0593	10	0.26372	0.27687	0.998595	225	1	0.080425	0.24529	0.26637	0.994234	250	1	0.080425
G0528	10	0.26523	0.27813	0.998595	226	1	-0.011433	0.33413	0.34134	0.994234	322	1	-0.011433
G0022	10	0.26675	0.27952	0.998595	227	1	0.11289	0.0018084	0.0062228	0.888967	7	3	0.11289
G0623	10	0.26826	0.28087	0.998595	228	1	-0.063309	0.98832	0.98894	0.999995	981	0	-0.063309
G0700	10	0.26901	0.28153	0.998595	229	1	-0.0049387	0.53918	0.53925	0.994234	523	0	-0.0049387
G0243	10	0.26977	0.28223	0.998595	230	1	0.05253	0.013379	0.034243	0.994234	22	3	0.05253
G0534	10	0.27052	0.28287	0.998595	231	1	-0.01539	0.90716	0.90673	0.994234	903	0	-0.01539
G0485	10	0.27127	0.28363	0.998595	232	1	-0.058202	0.72071	0.71973	0.994234	706	0	-0.058202
G0104	10	0.27202	0.28431	0.998595	233	1	-0.11461	0.22486	0.25011	0.994234	237	1	-0.11461
G0514	10	0.27277	0.28495	0.998595	234	1	-0.0011305	0.17833	0.21509	0.994234	195	1	-0.0011305
G0691	10	0.27428	0.28645	0.998595	235	1	0.0072046	0.47861	0.47947	0.994234	452	0	0.0072046
G0977	10	0.27727	0.28909	0.998595	236	1	0.020178	0.3073	0.3187	0.994234	301	1	0.020178
G0924	10	0.27801	0.28983	0.998595	237	1	-0.019961	0.26901	0.28603	0.994234	272	1	-0.019961
G0015	10	0.27876	0.29049	0.998595	238	1	-0.0039457	0.5738	0.57364	0.994234	557	0	-0.0039457
G0549	10	0.2795	0.29116	0.998595	239	1	0.022697	0.92437	0.92424	0.994234	922	0	0.022697
G0410	10	0.28025	0.29174	0.998595	240	1	0.03453	0.33135	0.33905	0.994234	319	1	0.03453
G0641	10	0.28099	0.29242	0.998595	241	1	0.038762	0.43772	0.43959	0.994234	418	0	0.038762
G0241	10	0.28173	0.29316	0.998595	242	1	-0.018622	0.91244	0.912	0.994234	907	0	-0.018622
G0741	10	0.28322	0.29429	0.998595	243	1	0.055489	0.029286	0.058134	0.994234	31	2	0.055489
G0554	10	0.28396	0.29496	0.998595	244	1	-0.0068721	0.82206	0.82161	0.994234	814	0	-0.0068721
G0288	10	0.2847	0.29565	0.998595	245	1	-0.039229	0.46737	0.46899	0.994234	442	0	-0.039229
G0156	10	0.28618	0.29691	0.998595	246	1	-0.04936	0.090581	0.14812	0.994234	125	1	-0.04936
G0622	10	0.28912	0.29944	0.998595	247	1	-0.038582	0.74971	0.74918	0.994234	739	0	-0.038582
G0767	10	0.29133	0.30138	0.998595	248	1	0.033243	0.38306	0.38663	0.994234	365	1	0.033243
G0840	10	0.29206	0.30196	0.998595	249	1	0.0014058	0.20557	0.23516	0.994234	218	1	0.0014058
G0262	10	0.29279	0.30268	0.998595	250	1	0.081333	0.66744	0.66711	0.994234	647	0	0.081333
G0861	10	0.29352	0.30336	0.998595	251	1	-0.0030818	0.89283	0.89292	0.994234	892	0	-0.0030818
G0353	10	0.29426	0.30391	0.998595	252	1	-0.077404	0.35935	0.36414	0.994234	342	1	-0.077404
G0447	10	0.29499	0.30445	0.998595	253	1	-0.051442	0.99591	0.99595	0.999995	988	0	-0.051442
G0721	10	0.29572	0.30506	0.998595	254	1	0.016092	0.5682	0.56829	0.994234	553	0	0.016092
G0590	10	0.2979	0.30705	0.998595	255	1	-0.01454	0.9168	0.91627	0.994234	915	0	-0.01454
G0361	10	0.29863	0.3079	0.998595	256	1	0.0014481	0.87079	0.87091	0.994234	869	0	0.0014481
G0660	10	0.30081	0.30996	0.998595	257	1	0.00071158	0.39715	0.40079	0.994234	376	1	0.00071158
G0423	10	0.30153	0.31075	0.998595	258	1	0.038527	0.85438	0.85371	0.994234	850	0	0.038527
G0384	10	0.30225	0.31148	0.998595	259	1	0.0033357	0.79523	0.7946	0.994234	789	0	0.0033357
G0978	10	0.30442	0.3132	0.998595	260	1	-0.042006	0.78088	0.78043	0.994234	771	0	-0.042006
G0013	10	0.30514	0.31367	0.998595	261	1	-0.0029403	0.68235	0.68175	0.994234	662	0	-0.0029403
G0366	10	0.30586	0.31418	0.998595	262	1	-0.064947	0.98857	0.98913	0.999995	982	0	-0.064947
G0448	10	0.30658	0.31486	0.998595	263	1	-0.1012	0.85189	0.85122	0.994234	844	0	-0.1012
G0319	10	0.3073	0.31543	0.998595	264	1	-0.041149	0.62178	0.62155	0.994234	603	0	-0.041149
G0195	10	0.30802	0.31607	0.998595	265	1	-0.042473	0.53216	0.53235	0.994234	513	0	-0.042473
G0736	10	0.30874	0.31667	0.998595	266	1	-0.091073	0.9468	0.9469	0.994234	952	0	-0.091073
G0780	10	0.30945	0.31733	0.998595	267	1	0.030057	0.94521	0.9454	0.994234	950	0	0.030057
G0106	10	0.31017	0.3181	0.998595	268	1	-0.035385	0.73223	0.73134	0.994234	719	0	-0.035385
G0177	10	0.31374	0.32125	0.998595	269	1	-0.10702	0.99966	0.99957	0.999995	993	0	-0.10702
G0211	10	0.31588	0.32316	0.998595	270	1	0.011676	0.66296	0.66281	0.994234	641	0	0.011676
G0219	10	0.31659	0.3237	0.998595	271	1	-0.07499	0.65035	0.65079	0.994234	629	0	-0.07499
G0026	10	0.3173	0.32432	0.998595	272	1	-0.0017879	0.43174	0.43367	0.994234	413	0	-0.0017879
G0145	10	0.31871	0.32555	0.998595	273	1	-0.014194	0.3713	0.3756	0.994234	356	1	-0.014194
G0294	10	0.31942	0.32627	0.998595	274	1	-0.053186	0.59379	0.5929	0.994234	580	0	-0.053186
G0168	10	0.32224	0.32852	0.998595	275	1	-0.050621	0.75343	0.75284	0.994234	744	0	-0.050621
G0382	10	0.32365	0.32972	0.998595	276	1	0.038668	0.18999	0.2234	0.994234	205	1	0.038668
G0318	10	0.32506	0.33101	0.998595	277	1	-0.023509	0.080431	0.13306	0.994234	111	1	-0.023509
G0836	10	0.32576	0.33159	0.998595	278	1	0.049526	0.00056243	0.0019752	0.39505	5	3	0.049526
G0601	10	0.32646	0.3322	0.998595	279	1	0.040898	0.38176	0.38537	0.994234	363	1	0.040898
G0666	10	0.32716	0.33271	0.998595	280	1	0.034638	0.095092	0.1547	0.994234	132	2	0.034638
G0588	10	0.32786	0.33348	0.998595	281	1	0.014942	0.53669	0.53679	0.994234	519	0	0.014942
G0542	10	0.32856	0.33405	0.998595	282	1	-0.04697	0.37981	0.38375	0.994234	361	1	-0.04697
G0744	10	0.32926	0.33466	0.998595	283	1	-0.08471	0.91052	0.91008	0.994234	905	0	-0.08471
G0545	10	0.32996	0.33545	0.998595	284	1	0.098177	0.35397	0.35933	0.994234	336	1	0.098177
G0971	10	0.33065	0.33596	0.998595	285	1	-0.009044	0.94849	0.94859	0.994234	953	0	-0.009044
G0679	10	0.33135	0.3366	0.998595	286	1	-0.022021	0.69972	0.69932	0.994234	680	0	-0.022021
G0604	10	0.33343	0.3383	0.998595	287	1	0.010885	0.81864	0.81813	0.994234	810	0	0.010885
G0332	10	0.33482	0.33939	0.998595	288	1	0.044195	0.80669	0.80621	0.994234	800	0	0.044195
G0260	10	0.33551	0.33991	0.998595	289	1	0.045667	0.51887	0.51859	0.994234	497	0	0.045667
G0214	10	0.33759	0.34187	0.998595	290	1	0.069837	0.53719	0.53735	0.994234	520	0	0.069837
G0090	10	0.33828	0.34253	0.998595	291	1	0.064969	0.14853	0.19257	0.994234	176	1	0.064969
G0110	10	0.33897	0.34304	0.998595	292	1	-0.050964	0.23828	0.26077	0.994234	245	1	-0.050964
G0733	10	0.33966	0.34363	0.998595	293	1	0.011628	0.75314	0.75254	0.994234	743	0	0.011628
G0933	10	0.34103	0.34491	0.998595	294	1	0.0076965	0.25685	0.27601	0.994234	260	1	0.0076965
G0477	10	0.34172	0.34558	0.998595	295	1	-0.037375	0.19494	0.2271	0.994234	208	1	-0.037375
G0212	10	0.34309	0.34681	0.998595	296	1	0.044848	0.035678	0.067104	0.994234	39	2	0.044848
G0387	10	0.34514	0.3488	0.998595	297	1	-0.022473	0.12664	0.1773	0.994234	158	1	-0.022473
G0426	10	0.34582	0.3494	0.998595	298	1	0.036634	0.87684	0.87694	0.994234	876	0	0.036634
G0813	10	0.34651	0.35013	0.998595	299	1	-0.022309	0.44659	0.44861	0.994234	425	0	-0.022309
G0297	10	0.34719	0.35073	0.998595	300	1	0.014286	0.4257	0.42802	0.994234	406	0	0.014286
G0759	10	0.34787	0.3513	0.998595	301	1	-0.051062	0.64012	0.64037	0.994234	621	0	-0.051062
G0320	10	0.34991	0.35301	0.998595	302	1	-0.010045	0.75115	0.75047	0.994234	741	0	-0.010045
G0895	10	0.35059	0.35379	0.998595	303	1	0.030548	0.78939	0.78901	0.994234	780	0	0.030548
G0178	10	0.35126	0.35442	0.998595	304	1	-0.015052	0.71688	0.71601	0.994234	700	0	-0.015052
G0276	10	0.35262	0.35593	0.998595	305	1	0.024017	0.073208	0.12281	0.994234	97	2	0.024017
G0488	10	0.35329	0.35662	0.998595	306	1	-0.0065578	0.52248	0.52236	0.994234	502	0	-0.0065578
G0204	10	0.35397	0.35738	0.998595	307	1	0.042579	0.4611	0.46309	0.994234	435	0	0.042579
G0305	10	0.35464	0.35791	0.998595	308	1	-0.0745	0.35532	0.36047	0.994234	338	1	-0.0745
G0048	10	0.35532	0.35853	0.998595	309	1	0.042955	0.056218	0.097936	0.994234	75	2	0.042955
G0176	10	0.35666	0.3599	0.998595	310	1	0.067352	0.063603	0.10896	0.994234	86	1	0.067352
G0734	10	0.35733	0.36051	0.998595	311	1	-0.10051	0.70074	0.70019	0.994234	682	0	-0.10051
G0451	10	0.35801	0.36119	0.998595	312	1	0.025196	0.58254	0.58198	0.994234	566	0	0.025196
G0911	10	0.36002	0.36292	0.998595	313	1	-0.035227	0.81473	0.81438	0.994234	805	0	-0.035227
G0416	10	0.36069	0.36344	0.998595	314	1	-0.029421	0.5168	0.51668	0.994234	493	0	-0.029421
G0064	10	0.36135	0.36407	0.998595	315	1	-0.047933	0.28025	0.2959	0.994234	280	1	-0.047933
G0338	10	0.36202	0.36462	0.998595	316	1	0.03124	0.24994	0.2703	0.994234	254	1	0.03124
G0637	10	0.36269	0.36526	0.998595	317	1	-0.12882	0.88365	0.88398	0.994234	880	0	-0.12882
G0474	10	0.36402	0.36653	0.998595	318	1	0.042998	0.038511	0.071223	0.994234	45	2	0.042998
G0373	10	0.36535	0.368	0.998595	319	1	-0.0028565	0.72134	0.72039	0.994234	708	0	-0.0028565
G0205	10	0.36601	0.36867	0.998595	320	1	-0.065371	0.00518	0.014559	0.994234	8	3	-0.065371
G0137	10	0.36668	0.36928	0.998595	321	1	0.016714	0.083209	0.13738	0.994234	115	1	0.016714
G0704	10	0.36932	0.37201	0.998595	322	1	-0.062437	0.75143	0.7508	0.994234	742	0	-0.062437
G0647	10	0.36998	0.37272	0.998595	323	1	-0.058671	0.97458	0.97493	0.999427	974	0	-0.058671
G0508	10	0.37064	0.37347	0.998595	324	1	0.014458	0.2675	0.2848	0.994234	270	1	0.014458
G0730	10	0.37196	0.37486	0.998595	325	1	-0.09079	0.87299	0.87304	0.994234	873	0	-0.09079
G0525	10	0.37262	0.37543	0.998595	326	1	-0.025625	0.94251	0.94272	0.994234	944	0	-0.025625
G0491	10	0.37328	0.37603	0.998595	327	1	-0.023998	0.056035	0.097639	0.994234	74	1	-0.023998
G0413	10	0.37524	0.37772	0.998595	328	1	-0.061458	0.96696	0.96683	0.999427	965	0	-0.061458
G0754	10	0.37655	0.37917	0.998595	329	1	-0.043871	0.27277	0.28937	0.994234	275	1	-0.043871
G0833	10	0.37786	0.38064	0.998595	330	1	0.05077	0.030482	0.059827	0.994234	33	2	0.05077
G0095	10	0.37981	0.38256	0.998595	331	1	0.0079836	0.92505	0.92506	0.994234	923	0	0.0079836
G0049	10	0.38111	0.3837	0.998595	332	1	-0.0062639	0.083909	0.13831	0.994234	117	2	-0.0062639
G0578	10	0.38176	0.38424	0.998595	333	1	-0.0089393	0.032999	0.063292	0.994234	37	1	-0.0089393
G0231	10	0.38241	0.38482	0.998595	334	1	0.024165	0.47245	0.4737	0.994234	447	0	0.024165
G0281	10	0.38306	0.38553	0.998595	335	1	-0.025154	0.71039	0.70933	0.994234	693	0	-0.025154
G0323	10	0.3837	0.38618	0.998595	336	1	0.028352	0.21928	0.24552	0.994234	232	1	0.028352
G0334	10	0.38435	0.38674	0.998595	337	1	-0.06845	0.99418	0.99461	0.999995	986	0	-0.06845
G0233	10	0.385	0.38728	0.998595	338	1	0.046012	0.4702	0.47147	0.994234	445	0	0.046012
G0821	10	0.38564	0.38786	0.998595	339	1	0.077811	0.59997	0.599	0.994234	584	0	0.077811
G0881	10	0.38693	0.38912	0.998595	340	1	-0.047068	0.072363	0.12184	0.994234	95	2	-0.047068
G0377	10	0.38822	0.39055	0.998595	341	1	-0.011948	0.70276	0.70194	0.994234	684	0	-0.011948
G0059	10	0.38886	0.3912	0.998595	342	1	0.004311	0.34719	0.35281	0.994234	331	1	0.004311
G0912	10	0.3895	0.39187	0.998595	343	1	0.01541	0.14506	0.1901	0.994234	172	1	0.01541
G0564	10	0.39014	0.39248	0.998595	344	1	-0.029261	0.10426	0.16226	0.994234	145	1	-0.029261
G0402	10	0.39078	0.39312	0.998595	345	1	-0.01597	0.67841	0.67777	0.994234	658	0	-0.01597
G0111	10	0.39142	0.39368	0.998595	346	1	-0.061004	0.91519	0.91472	0.994234	913	0	-0.061004
G0791	10	0.39206	0.39444	0.998595	347	1	0.012976	0.30225	0.3149	0.994234	298	1	0.012976
G0551	10	0.39334	0.39604	0.998595	348	1	-0.0020366	0.092635	0.15093	0.994234	127	2	-0.0020366
G0694	10	0.39398	0.39683	0.998595	349	1	0.073709	0.55342	0.55346	0.994234	538	0	0.073709
G0011	10	0.39715	0.40025	0.998595	350	1	-0.14433	0.94402	0.9442	0.994234	948	0	-0.14433
G0627	10	0.39779	0.40088	0.998595	351	1	-0.043553	0.87252	0.87262	0.994234	871	0	-0.043553
G0193	10	0.39842	0.40157	0.998595	352	1	0.041726	0.59201	0.59114	0.994234	577	0	0.041726
G0045	10	0.39905	0.4023	0.998595	353	1	-0.10219	0.9982	0.99806	0.999995	990	0	-0.10219
G0620	10	0.39969	0.40295	0.998595	354	1	-0.0012416	0.92592	0.9258	0.994234	926	0	-0.0012416
G0171	10	0.40032	0.40361	0.998595	355	1	-0.050782	0.88957	0.88988	0.994234	888	0	-0.050782
G0210	10	0.40095	0.40422	0.998595	356	1	-0.15318	0.85908	0.8589	0.994234	856	0	-0.15318
G0723	10	0.40158	0.40488	0.998595	357	0	-0.014152	0.76098	0.7605	0.994234	751	0	-0.014152
G0539	10	0.40221	0.40547	0.998595	358	0	-0.0105	0.97509	0.97545	0.999427	975	0	-0.0105
G0030	10	0.40284	0.40608	0.998595	359	0	-0.005929	0.38693	0.39009	0.994234	368	1	-0.005929
G0342	10	0.40347	0.40658	0.998595	360	0	-0.03684	0.85735	0.85721	0.994234	852	0	-0.03684
G0253	10	0.40409	0.40714	0.998595	361	0	-0.027392	0.48083	0.48168	0.994234	456	0	-0.027392
G0826	10	0.40472	0.40778	0.998595	362	0	0.0076469	0.25455	0.2739	0.994234	258	1	0.0076469
G0506	10	0.40535	0.4084	0.998595	363	0	0.040398	0.92688	0.92665	0.994234	927	0	0.040398
G0324	10	0.4066	0.40958	0.998595	364	0	0.084678	0.5592	0.5597	0.994234	546	0	0.084678
G0562	10	0.40722	0.4102	0.998595	365	0	0.069607	0.39779	0.40138	0.994234	377	1	0.069607
G0036	10	0.40785	0.41083	0.998595	366	0	0.028605	0.41158	0.41449	0.994234	394	1	0.028605
G0998	10	0.40847	0.41133	0.998595	367	0	-0.084923	0.88437	0.88447	0.994234	881	0	-0.084923
G0040	10	0.40972	0.4126	0.998595	368	0	0.012783	0.27801	0.29406	0.994234	277	1	0.012783
G0877	10	0.41034	0.41319	0.998595	369	0	-0.051676	0.8542	0.85357	0.994234	849	0	-0.051676
G0396	10	0.41158	0.41435	0.998595	370	0	-0.069983	0.22008	0.24604	0.994234	233	1	-0.069983
G0842	10	0.41468	0.41725	0.998595	371	0	-0.045309	0.96491	0.96488	0.999427	963	0	-0.045309
G0050	10	0.41653	0.419	0.998595	372	0	0.054797	0.056984	0.098946	0.994234	76	1	0.054797
G0019	10	0.41714	0.41963	0.998595	373	0	-0.092729	0.47189	0.47312	0.994234	446	0	-0.092729
G0948	10	0.41776	0.42015	0.998595	374	0	0.031447	0.83195	0.8311	0.994234	821	0	0.031447
G0073	10	0.41837	0.42077	0.998595	375	0	-0.029683	0.29645	0.30938	0.994234	293	1	-0.029683
G0628	10	0.41898	0.42157	0.998595	376	0	-0.0028728	0.64488	0.64518	0.994234	624	0	-0.0028728
G0999	10	0.42021	0.42273	0.998595	377	0	-0.029536	0.1337	0.18208	0.994234	161	1	-0.029536
G0684	10	0.42143	0.42394	0.998595	378	0	0.031096	0.038733	0.071569	0.994234	46	2	0.031096
G0815	10	0.42204	0.42456	0.998595	379	0	0.11227	0.10788	0.16456	0.994234	148	1	0.11227
G0711	10	0.42265	0.42506	0.998595	380	0	0.075974	0.26447	0.28209	0.994234	267	1	0.075974
G0649	10	0.42326	0.42574	0.998595	381	0	0.0008324	0.54512	0.54494	0.994234	531	0	0.0008324
G0487	10	0.42387	0.42633	0.998595	382	0	0.050343	0.087786	0.14375	0.994234	121	2	0.050343
G0020	10	0.42509	0.42741	0.998595	383	0	0.030357	0.92763	0.92736	0.994234	929	0	0.030357
G0107	10	0.4257	0.42802	0.998595	384	0	-0.017645	0.89216	0.89227	0.994234	890	0	-0.017645
G0901	10	0.4263	0.42863	0.998595	385	0	0.017721	0.38046	0.38424	0.994234	362	1	0.017721
G0187	10	0.42691	0.42917	0.998595	386	0	0.061534	0.058024	0.10042	0.994234	79	2	0.061534
G0906	10	0.42752	0.42969	0.998595	387	0	-0.027542	0.089662	0.14653	0.994234	124	1	-0.027542
G0200	10	0.42812	0.43014	0.998595	388	0	0.015383	0.58888	0.58806	0.994234	575	0	0.015383
G0658	10	0.42873	0.4307	0.998595	389	0	0.0021203	0.15198	0.19501	0.994234	180	1	0.0021203
G0227	10	0.42933	0.43132	0.998595	390	0	0.015441	0.5568	0.55716	0.994234	542	0	0.015441
G0874	10	0.42993	0.43189	0.998595	391	0	-0.049996	0.078575	0.13042	0.994234	107	1	-0.049996
G0659	10	0.43054	0.43257	0.998595	392	0	0.092176	0.41837	0.4208	0.994234	402	1	0.092176
G0886	10	0.43174	0.43367	0.998595	393	0	0.037175	0.36335	0.3677	0.994234	346	1	0.037175
G0890	10	0.43414	0.43602	0.998595	394	0	0.074406	0.57612	0.5759	0.994234	560	0	0.074406
G0663	10	0.43593	0.43771	0.998595	395	0	-0.0112	0.90562	0.90526	0.994234	901	0	-0.0112
G0466	10	0.43713	0.43897	0.998595	396	0	-0.021616	0.16397	0.20384	0.994234	186	1	-0.021616
G0795	10	0.43772	0.43959	0.998595	397	0	0.080679	0.4536	0.45536	0.994234	430	0	0.080679
G0189	10	0.43832	0.44035	0.998595	398	0	-0.032347	0.71137	0.71035	0.994234	694	0	-0.032347
G0818	10	0.43891	0.44084	0.998595	399	0	-0.049612	0.7916	0.79114	0.994234	784	0	-0.049612
G0956	10	0.43951	0.44139	0.998595	400	0	-0.01927	0.84116	0.84032	0.994234	832	0	-0.01927
G0563	10	0.44188	0.44393	0.998595	401	0	0.040658	0.15885	0.20042	0.994234	184	1	0.040658
G0677	10	0.44247	0.44443	0.998595	402	0	0.017596	0.75876	0.75812	0.994234	748	0	0.017596
G0729	10	0.44306	0.44509	0.998595	403	0	0.014398	0.79666	0.79622	0.994234	790	0	0.014398
G0330	10	0.44659	0.44861	0.998595	404	0	-0.073272	0.23435	0.25778	0.994234	243	1	-0.073272
G0571	10	0.44777	0.44982	0.998595	405	0	-0.067643	0.94033	0.9405	0.994234	940	0	-0.067643
G0809	10	0.44835	0.45039	0.998595	406	0	0.029088	0.83295	0.83193	0.994234	823	0	0.029088
G0123	10	0.45011	0.45206	0.998595	407	0	-0.057237	0.98029	0.98101	0.999995	978	0	-0.057237
G0460	10	0.45127	0.45303	0.998595	408	0	-0.063419	0.86758	0.86748	0.994234	863	0	-0.063419
G0173	10	0.45186	0.45355	0.998595	409	0	0.02975	0.48359	0.48438	0.994234	461	0	0.02975
G0618	10	0.45302	0.45463	0.998595	410	0	0.017543	0.41591	0.41848	0.994234	399	1	0.017543
G0333	10	0.4536	0.45536	0.998595	411	0	0.044945	0.90405	0.90371	0.994234	898	0	0.044945
G0943	10	0.45418	0.45591	0.998595	412	0	0.016697	0.22327	0.24874	0.994234	235	1	0.016697
G0960	10	0.45592	0.45746	0.998595	413	0	0.021478	0.92791	0.92765	0.994234	930	0	0.021478
G0275	10	0.45649	0.45799	0.998595	414	0	-0.036845	0.94335	0.94346	0.994234	945	0	-0.036845
G0716	10	0.45765	0.45926	0.998595	415	0	0.0055245	0.85171	0.85104	0.994234	843	0	0.0055245
G0828	10	0.45823	0.45996	0.998595	416	0	0.017947	0.62551	0.62552	0.994234	606	0	0.017947
G0600	10	0.4588	0.46058	0.998595	417	0	0.03522	0.52351	0.52341	0.994234	503	0	0.03522
G0259	10	0.4611	0.46309	0.998595	418	0	-0.0013491	0.057506	0.099728	0.994234	77	2	-0.0013491
G0577	10	0.46167	0.46365	0.998595	419	0	-0.080617	0.76832	0.76796	0.994234	760	0	-0.080617
G0248	10	0.46339	0.46538	0.998595	420	0	-0.027535	0.88846	0.88869	0.994234	884	0	-0.027535
G0587	10	0.46567	0.46745	0.998595	421	0	0.041633	0.36069	0.36527	0.994234	344	1	0.041633
G0462	10	0.46624	0.4679	0.998595	422	0	-0.055588	0.97605	0.97644	0.999427	977	0	-0.055588
G0432	10	0.4668	0.4684	0.998595	423	0	0.04532	0.24916	0.26965	0.994234	253	1	0.04532
G0742	10	0.46737	0.46899	0.998595	424	0	-0.017928	0.9121	0.91166	0.994234	906	0	-0.017928
G0070	10	0.4685	0.47015	0.998595	425	0	0.010154	0.097259	0.15758	0.994234	139	2	0.010154
G0109	10	0.46964	0.47103	0.998595	426	0	-0.014555	0.8666	0.86654	0.994234	861	0	-0.014555
G0155	10	0.4702	0.47147	0.998595	427	0	0.08716	0.064545	0.11036	0.994234	87	1	0.08716
G0570	10	0.47076	0.47211	0.998595	428	0	-0.031154	0.76454	0.76434	0.994234	755	0	-0.031154
G0598	10	0.47189	0.47312	0.998595	429	0	-0.14255	0.95833	0.95856	0.998499	960	0	-0.14255
G0867	10	0.47358	0.47476	0.998595	430	0	-0.0040565	0.6488	0.6492	0.994234	628	0	-0.0040565
G0029	10	0.47414	0.47538	0.998595	431	0	-0.073164	0.091499	0.14936	0.994234	126	1	-0.073164
G0927	10	0.47526	0.47646	0.998595	432	0	0.040711	0.54463	0.54449	0.994234	530	0	0.040711
G0296	10	0.47582	0.47697	0.998595	433	0	-0.03728	0.81929	0.81887	0.994234	812	0	-0.03728
G0557	10	0.47638	0.47739	0.998595	434	0	-0.018735	0.32295	0.33187	0.994234	315	1	-0.018735
G0456	10	0.47749	0.47824	0.998595	435	0	-0.052158	0.70676	0.70592	0.994234	688	0	-0.052158
G0140	10	0.47861	0.47947	0.998595	436	0	-0.0156	0.68021	0.6797	0.994234	660	0	-0.0156
G0909	10	0.47916	0.48008	0.998595	437	0	0.086857	0.68271	0.68214	0.994234	663	0	0.086857
G0185	10	0.48028	0.48124	0.998595	438	0	-0.04228	0.98587	0.98656	0.999995	980	0	-0.04228
G0572	10	0.48083	0.48168	0.998595	439	0	0.051323	0.053183	0.093401	0.994234	68	1	0.051323
G0652	10	0.48194	0.48272	0.998595	440	0	0.046659	0.58753	0.58683	0.994234	573	0	0.046659
G0988	10	0.48249	0.48321	0.998595	441	0	0.053198	0.66558	0.66531	0.994234	645	0	0.053198
G0878	10	0.48359	0.48438	0.998595	442	0	0.045394	0.70309	0.70226	0.994234	685	0	0.045394
G0235	10	0.48415	0.4849	0.998595	443	0	0.0013569	0.074057	0.12395	0.994234	100	2	0.0013569
G0433	10	0.4847	0.48541	0.998595	444	0	-0.051753	0.84679	0.84595	0.994234	836	0	-0.051753
G0225	10	0.4858	0.48654	0.998595	445	0	-0.036859	0.71912	0.71812	0.994234	703	0	-0.036859
G0851	10	0.48799	0.48875	0.998595	446	0	0.087376	0.064914	0.11088	0.994234	88	2	0.087376
G0561	10	0.49018	0.49092	0.998595	447	0	0.068909	0.30945	0.32055	0.994234	304	1	0.068909
G0918	10	0.49127	0.49211	0.998595	448	0	0.052309	0.59557	0.59463	0.994234	581	0	0.052309
G0278	10	0.4929	0.49379	0.998595	449	0	0.035697	0.66408	0.66391	0.994234	642	0	0.035697
G0483	10	0.49344	0.49426	0.998595	450	0	-0.052916	0.69768	0.69718	0.994234	678	0	-0.052916
G0355	10	0.49452	0.49532	0.998595	451	0	0.059422	0.29059	0.30453	0.994234	290	1	0.059422
G0087	10	0.49506	0.49586	0.998595	452	0	-0.0151	0.13633	0.18376	0.994234	164	1	-0.0151
G0097	10	0.4956	0.49642	0.998595	453	0	-0.013118	0.76508	0.76487	0.994234	756	0	-0.013118
G0731	10	0.49668	0.49753	0.998595	454	0	-0.023678	0.46167	0.46365	0.994234	436	0	-0.023678
G0783	10	0.49722	0.4979	0.998595	455	0	-0.014207	0.92534	0.92531	0.994234	924	0	-0.014207
G0946	10	0.49776	0.49844	0.998595	456	0	-0.033735	0.35194	0.35725	0.994234	335	1	-0.033735
G0643	10	0.4983	0.49893	0.998595	457	0	0.04632	0.56111	0.56146	0.994234	548	0	0.04632
G0124	10	0.49884	0.49953	0.998595	458	0	0.0007485	0.39014	0.39332	0.994234	370	1	0.0007485
G0706	10	0.49937	0.49993	0.998595	459	0	-0.00015	0.81008	0.80958	0.994234	803	0	-0.00015
G0449	10	0.50098	0.50141	0.998595	460	0	0.11921	0.013586	0.034708	0.994234	23	3	0.11921
G0340	10	0.50205	0.50242	0.998595	461	0	0.040494	0.35599	0.3612	0.994234	339	1	0.040494
G0511	10	0.50471	0.50499	0.998595	462	0	0.030795	0.85822	0.858	0.994234	853	0	0.030795
G0792	10	0.50683	0.50696	0.998595	463	0	-0.067083	0.97075	0.97073	0.999427	971	0	-0.067083
G0132	10	0.51	0.51011	0.998595	464	0	-0.065676	0.40722	0.41043	0.994234	388	1	-0.065676
G0782	10	0.51105	0.51101	0.998595	465	0	0.022857	0.42752	0.42969	0.994234	408	0	0.022857
G0764	10	0.51158	0.51163	0.998595	466	0	-0.035847	0.88943	0.88974	0.994234	887	0	-0.035847
G0996	10	0.5121	0.51214	0.998595	467	0	0.038894	0.28618	0.30086	0.994234	287	1	0.038894
G0208	10	0.51262	0.51268	0.998595	468	0	0.074557	0.095401	0.15508	0.994234	134	2	0.074557
G0958	10	0.51367	0.51363	0.998595	469	0	0.049134	0.026763	0.054114	0.994234	27	2	0.049134
G0364	10	0.51419	0.51409	0.998595	470	0	-0.014179	0.47526	0.47646	0.994234	449	0	-0.014179
G0613	10	0.51524	0.51519	0.998595	471	0	-0.017755	0.45938	0.46116	0.994234	433	0	-0.017755
G0279	10	0.5168	0.51668	0.998595	472	0	0.065438	0.0442	0.079748	0.994234	55	2	0.065438
G0472	10	0.51732	0.51713	0.998595	473	0	-0.016133	0.78841	0.78809	0.994234	779	0	-0.016133
G0894	10	0.51835	0.51807	0.998595	474	0	-0.06313	0.7731	0.7725	0.994234	764	0	-0.06313
G0799	10	0.51939	0.51914	0.998595	475	0	-0.021246	0.23906	0.26128	0.994234	246	1	-0.021246
G0261	10	0.51991	0.51974	0.998595	476	0	-0.048338	0.97552	0.97585	0.999427	976	0	-0.048338
G0970	10	0.52042	0.52034	0.998595	477	0	0.023536	0.054942	0.096134	0.994234	71	2	0.023536
G0267	10	0.52145	0.52146	0.998595	478	0	0.0061408	0.96806	0.96803	0.999427	967	0	0.0061408
G0159	10	0.52248	0.52236	0.998595	479	0	0.052447	0.19904	0.23013	0.994234	213	1	0.052447
G0584	10	0.52402	0.52393	0.998595	480	0	-0.051435	0.89535	0.89518	0.994234	893	0	-0.051435
G0811	10	0.52454	0.52456	0.998595	481	0	0.077205	0.03829	0.070936	0.994234	44	2	0.077205
G0206	10	0.52607	0.526	0.998595	482	0	0.057838	0.44835	0.45039	0.994234	427	0	0.057838
G0371	10	0.5276	0.5275	0.998595	483	0	-0.0033613	0.10063	0.16008	0.994234	143	1	-0.0033613
G0634	10	0.52913	0.52912	0.998595	484	0	-0.017022	0.80091	0.80041	0.994234	794	0	-0.017022
G0207	10	0.52963	0.52966	0.998595	485	0	0.11017	0.063031	0.10813	0.994234	85	2	0.11017
G0367	10	0.53115	0.53116	0.998595	486	0	0.039461	0.51053	0.51056	0.994234	486	0	0.039461
G0709	10	0.53267	0.53283	0.998595	487	0	-0.0087685	0.41406	0.41668	0.994234	398	1	-0.0087685
G0669	10	0.53418	0.53427	0.998595	488	0	-0.0046311	0.23199	0.25561	0.994234	242	1	-0.0046311
G0368	10	0.53468	0.53468	0.998595	489	0	-0.035304	0.91953	0.91889	0.994234	920	0	-0.035304
G0674	10	0.53568	0.53569	0.998595	490	0	0.053931	0.583	0.58234	0.994234	567	0	0.053931
G0526	10	0.53619	0.53623	0.998595	491	0	-0.059096	0.51315	0.51311	0.994234	490	0	-0.059096
G0378	10	0.53669	0.53679	0.998595	492	0	-0.086791	0.20475	0.2346	0.994234	217	1	-0.086791
G0003	10	0.53769	0.53788	0.998595	493	0	0.085244	0.44601	0.44804	0.994234	424	0	0.085244
G0199	10	0.53818	0.53832	0.998595	494	0	0.0078755	0.67552	0.67484	0.994234	655	0	0.0078755
G0141	10	0.53968	0.53978	0.998595	495	0	0.0015955	0.84039	0.83942	0.994234	830	0	0.0015955
G0480	10	0.54067	0.54056	0.998595	496	0	0.022098	0.67877	0.67829	0.994234	659	0	0.022098
G0458	10	0.54117	0.54107	0.998595	497	0	0.016078	0.066427	0.11313	0.994234	90	1	0.016078
G0142	10	0.54167	0.54163	0.998595	498	0	0.018405	0.80554	0.80511	0.994234	799	0	0.018405
G0765	10	0.54216	0.54204	0.998595	499	0	0.081863	0.51	0.51011	0.994234	485	0	0.081863
G0875	10	0.54315	0.54287	0.998595	500	0	0.014742	0.68871	0.68805	0.994234	669	0	0.014742
G0312	10	0.54364	0.54343	0.998595	501	0	-0.008104	0.31088	0.32193	0.994234	306	1	-0.008104
G0257	10	0.54414	0.54393	0.998595	502	0	0.096451	0.081846	0.13524	0.994234	113	2	0.096451
G0533	10	0.54561	0.5454	0.998595	503	0	-0.032722	0.85403	0.85332	0.994234	848	0	-0.032722
G0789	10	0.5466	0.54641	0.998595	504	0	0.0178	0.73466	0.73375	0.994234	723	0	0.0178
G0908	10	0.54709	0.54695	0.998595	505	0	0.072485	0.7554	0.75485	0.994234	747	0	0.072485
G0932	10	0.54758	0.54735	0.998595	506	0	-0.084824	0.03977	0.073342	0.994234	48	1	-0.084824
G0976	10	0.54807	0.54783	0.998595	507	0	-0.041232	0.64566	0.64593	0.994234	625	0	-0.041232
G0498	10	0.54856	0.54839	0.998595	508	0	-0.03117	0.89959	0.89939	0.994234	895	0	-0.03117
G0274	10	0.54904	0.54888	0.998595	509	0	0.018592	0.86562	0.86543	0.994234	859	0	0.018592
G0743	10	0.55051	0.5505	0.998595	510	0	0.087247	0.096328	0.15637	0.994234	137	2	0.087247
G0054	10	0.55197	0.55189	0.998595	511	0	-0.0098157	0.52913	0.52912	0.994234	508	0	-0.0098157
G0400	10	0.55487	0.55518	0.998595	512	0	0.039172	0.19329	0.22583	0.994234	207	1	0.039172
G0702	10	0.55535	0.55574	0.998595	513	0	0.0031663	0.51784	0.51756	0.994234	495	0	0.0031663
G0461	10	0.55776	0.55819	0.998595	514	0	0.010039	0.10335	0.16173	0.994234	144	1	0.010039
G0963	10	0.55824	0.55869	0.998595	515	0	-0.060505	0.93456	0.93465	0.994234	935	0	-0.060505
G0237	10	0.55872	0.55919	0.998595	516	0	0.046722	0.036873	0.068817	0.994234	42	2	0.046722
G0854	10	0.5592	0.5597	0.998595	517	0	0.035117	0.41653	0.41904	0.994234	400	1	0.035117
G0486	10	0.56015	0.56053	0.998595	518	0	0.011492	0.19986	0.23069	0.994234	214	1	0.011492
G0860	10	0.56253	0.56292	0.998595	519	0	0.089667	0.36866	0.37301	0.994234	353	1	0.089667
G0398	10	0.56348	0.56392	0.998595	520	0	-0.041054	0.27127	0.28809	0.994234	274	1	-0.041054
G0812	10	0.56396	0.56437	0.998595	521	0	0.024296	0.74537	0.74486	0.994234	733	0	0.024296
G0887	10	0.5649	0.56534	0.998595	522	0	-0.028044	0.61969	0.6195	0.994234	600	0	-0.028044
G0056	10	0.56538	0.56571	0.998595	523	0	0.031122	0.22407	0.24946	0.994234	236	1	0.031122
G0335	10	0.56679	0.56701	0.998595	524	0	-0.022535	0.98075	0.98154	0.999995	979	0	-0.022535
G0535	10	0.56726	0.5674	0.998595	525	0	0.0036638	0.82374	0.82333	0.994234	816	0	0.0036638
G0801	10	0.56867	0.56865	0.998595	526	0	0.15817	0.042116	0.076807	0.994234	50	2	0.15817
G0062	10	0.56961	0.56958	0.998595	527	0	-0.054	0.49181	0.49272	0.994234	469	0	-0.054
G0357	10	0.57148	0.57124	0.998595	528	0	-0.015063	0.4956	0.49642	0.994234	472	0	-0.015063
G0852	10	0.57194	0.57171	0.998595	529	0	0.077891	0.43951	0.44139	0.994234	419	0	0.077891
G0773	10	0.57287	0.57273	0.998595	530	0	0.080193	0.74214	0.74159	0.994234	729	0	0.080193
G0575	10	0.57334	0.57317	0.998595	531	0	-0.0097123	0.97315	0.97329	0.999427	973	0	-0.0097123
G0567	10	0.5738	0.57364	0.998595	532	0	0.024857	0.3895	0.39272	0.994234	369	1	0.024857
G0992	10	0.57427	0.57416	0.998595	533	0	0.010829	0.77337	0.77281	0.994234	765	0	0.010829
G0042	10	0.57519	0.57509	0.998595	534	0	-0.023897	0.36002	0.36477	0.994234	343	1	-0.023897
G0120	10	0.57566	0.57553	0.998595	535	0	0.030586	0.38629	0.38945	0.994234	367	1	0.030586
G0710	10	0.57612	0.5759	0.998595	536	0	0.049977	0.79087	0.79052	0.994234	783	0	0.049977
G0889	10	0.57888	0.57848	0.998595	537	0	0.081192	0.027722	0.055748	0.994234	28	2	0.081192
G0823	10	0.58117	0.5808	0.998595	538	0	0.017256	0.79013	0.78974	0.994234	782	0	0.017256
G0950	10	0.58163	0.58113	0.998595	539	0	0.054932	0.33897	0.34535	0.994234	324	1	0.054932
G0345	10	0.58209	0.58153	0.998595	540	0	-0.028106	0.74508	0.74457	0.994234	732	0	-0.028106
G0018	10	0.58254	0.58198	0.998595	541	0	-0.059895	0.40972	0.41277	0.994234	391	1	-0.059895
G0769	10	0.583	0.58234	0.998595	542	0	-0.011239	0.85873	0.85858	0.994234	855	0	-0.011239
G0873	10	0.58391	0.58321	0.998595	543	0	0.022023	0.713	0.71201	0.994234	697	0	0.022023
G0685	10	0.58527	0.58482	0.998595	544	0	-0.029166	0.88451	0.88468	0.994234	882	0	-0.029166
G0374	10	0.58572	0.58524	0.998595	545	0	0.023184	0.43713	0.43897	0.994234	417	0	0.023184
G0639	10	0.58617	0.58565	0.998595	546	0	0.039999	0.089594	0.14648	0.994234	123	2	0.039999
G0362	10	0.58662	0.58596	0.998595	547	0	0.10302	0.63652	0.63661	0.994234	617	0	0.10302
G0686	10	0.58707	0.58644	0.998595	548	0	0.037302	0.5929	0.59203	0.994234	578	0	0.037302
G0386	10	0.59022	0.58954	0.998595	549	0	0.060755	0.36535	0.36963	0.994234	348	1	0.060755
G0982	10	0.59156	0.59075	0.998595	550	0	0.012652	0.39969	0.40337	0.994234	380	1	0.012652
G0369	10	0.59201	0.59114	0.998595	551	0	0.0049638	0.53418	0.53427	0.994234	517	0	0.0049638
G0779	10	0.59246	0.59156	0.998595	552	0	-0.034062	0.43354	0.4355	0.994234	414	0	-0.034062
G0467	10	0.5929	0.59203	0.998595	553	0	0.029634	0.43653	0.43826	0.994234	416	0	0.029634
G0746	10	0.59335	0.5925	0.998595	554	0	-0.056865	0.81583	0.81534	0.994234	808	0	-0.056865
G0393	10	0.59379	0.5929	0.998595	555	0	-0.034634	0.96331	0.96331	0.999427	961	0	-0.034634
G0740	10	0.59424	0.59336	0.998595	556	0	0.054715	0.53115	0.53116	0.994234	511	0	0.054715
G0546	10	0.59468	0.59381	0.998595	557	0	0.073002	0.6588	0.65877	0.994234	639	0	0.073002
G0242	10	0.59557	0.59463	0.998595	558	0	0.080146	0.25762	0.27662	0.994234	261	1	0.080146
G0381	10	0.59601	0.595	0.998595	559	0	0.06169	0.7933	0.79276	0.994234	786	0	0.06169
G0209	10	0.59689	0.59585	0.998595	560	0	0.012043	0.15025	0.19379	0.994234	178	1	0.012043
G0605	10	0.59733	0.5962	0.998595	561	0	0.021925	0.25915	0.27792	0.994234	263	1	0.021925
G0552	10	0.59821	0.59727	0.998595	562	0	-0.025357	0.54758	0.54735	0.994234	532	0	-0.025357
G0806	10	0.59865	0.59782	0.998595	563	0	0.074747	0.096987	0.15727	0.994234	138	1	0.074747
G0967	10	0.59909	0.59816	0.998595	564	0	-0.11914	0.42691	0.42917	0.994234	407	0	-0.11914
G0696	10	0.59953	0.59856	0.998595	565	0	-0.0022767	0.71784	0.71684	0.994234	701	0	-0.0022767
G0325	10	0.59997	0.599	0.998595	566	0	-0.064692	0.54266	0.54237	0.994234	526	0	-0.064692
G0455	10	0.60128	0.60036	0.998595	567	0	-0.082451	0.79809	0.79748	0.994234	792	0	-0.082451
G0471	10	0.60216	0.60139	0.998595	568	0	0.013403	0.26372	0.28154	0.994234	266	1	0.013403
G0226	10	0.60259	0.60176	0.998595	569	0	0.038605	0.5539	0.55403	0.994234	539	0	0.038605
G0515	10	0.6039	0.603	0.998595	570	0	0.035692	0.4066	0.40981	0.994234	387	1	0.035692
G0473	10	0.60433	0.60348	0.998595	571	0	-0.070501	0.50524	0.50544	0.994234	481	0	-0.070501
G0439	10	0.60477	0.60397	0.998595	572	0	0.022615	0.32083	0.33022	0.994234	313	1	0.022615
G0290	10	0.6065	0.60603	0.998595	573	0	-0.00097531	0.36202	0.36639	0.994234	345	1	-0.00097531
G0670	10	0.60693	0.60649	0.998595	574	0	0.012505	0.6704	0.67026	0.994234	650	0	0.012505
G0154	10	0.60736	0.60689	0.998595	575	0	-0.035871	0.14071	0.18689	0.994234	168	1	-0.035871
G0417	10	0.60779	0.6074	0.998595	576	0	0.038484	0.59112	0.5903	0.994234	576	0	0.038484
G0944	10	0.60865	0.60829	0.998595	577	0	-0.011485	0.54167	0.54163	0.994234	525	0	-0.011485
G0755	10	0.60908	0.60875	0.998595	578	0	-0.0010481	0.27876	0.2947	0.994234	278	1	-0.0010481
G0566	10	0.60994	0.60958	0.998595	579	0	0.015474	0.37196	0.37631	0.994234	357	1	0.015474
G0888	10	0.61037	0.60992	0.998595	580	0	-0.049394	0.00088279	0.0031733	0.528878	6	3	-0.049394
G0819	10	0.6108	0.61049	0.998595	581	0	0.024841	0.4401	0.44202	0.994234	420	0	0.024841
G0350	10	0.61251	0.61244	0.998595	582	0	-0.003756	0.84096	0.84	0.994234	831	0	-0.003756
G0941	10	0.61293	0.61288	0.998595	583	0	0.021785	0.18168	0.21753	0.994234	199	1	0.021785
G0220	10	0.61378	0.61375	0.998595	584	0	0.020031	0.208	0.237	0.994234	220	1	0.020031
G0934	10	0.61421	0.61423	0.998595	585	0	0.011967	0.74096	0.74024	0.994234	728	0	0.011967
G0576	10	0.61463	0.6147	0.998595	586	0	0.020233	0.83155	0.83066	0.994234	819	0	0.020233
G0255	10	0.61548	0.61548	0.998595	587	0	0.046917	0.70107	0.70052	0.994234	683	0	0.046917
G0804	10	0.6159	0.61592	0.998595	588	0	0.04792	0.17749	0.21443	0.994234	194	1	0.04792
G0745	10	0.61632	0.61626	0.998595	589	0	-0.055188	0.83235	0.83144	0.994234	822	0	-0.055188
G0021	10	0.61674	0.61667	0.998595	590	0	-0.0078619	0.86677	0.86669	0.994234	862	0	-0.0078619
G0630	10	0.61843	0.61826	0.998595	591	0	0.032653	0.71235	0.71134	0.994234	696	0	0.032653
G0392	10	0.62052	0.62032	0.998595	592	0	-0.018799	0.30514	0.31701	0.994234	299	1	-0.018799
G0762	10	0.62094	0.62071	0.998595	593	0	-0.05194	0.6569	0.657	0.994234	637	0	-0.05194
G0777	10	0.62136	0.62113	0.998595	594	0	-0.039922	0.80324	0.80265	0.994234	796	0	-0.039922
G0680	10	0.62178	0.62155	0.998595	595	0	0.0041859	0.85117	0.85054	0.994234	841	0	0.0041859
G0915	10	0.62261	0.62231	0.998595	596	0	-0.021307	0.66446	0.66424	0.994234	643	0	-0.021307
G0834	10	0.62303	0.62278	0.998595	597	0	0.053848	0.24684	0.26759	0.994234	251	1	0.053848
G0131	10	0.62344	0.62325	0.998595	598	0	-0.076492	0.79451	0.79388	0.994234	787	0	-0.076492
G0401	10	0.62386	0.62359	0.998595	599	0	0.12942	0.10607	0.16336	0.994234	146	1	0.12942
G0990	10	0.62592	0.62598	0.998595	600	0	-0.039155	0.44718	0.44926	0.994234	426	0	-0.039155
G0929	10	0.62634	0.62645	0.998595	601	0	0.011913	0.39398	0.39743	0.994234	374	1	0.011913
G0626	10	0.62675	0.6269	0.998595	602	0	0.015408	0.70808	0.7071	0.994234	690	0	0.015408
G0512	10	0.62716	0.62736	0.998595	603	0	0.042508	0.84173	0.84096	0.994234	833	0	0.042508
G0394	10	0.62757	0.62788	0.998595	604	0	-0.079118	0.78341	0.78305	0.994234	773	0	-0.079118
G0158	10	0.6288	0.62924	0.998595	605	0	-0.020251	0.90586	0.90547	0.994234	902	0	-0.020251
G0695	10	0.63003	0.63039	0.998595	606	0	0.038526	0.35801	0.36308	0.994234	341	1	0.038526
G0569	10	0.63126	0.63148	0.998595	607	0	-0.023327	0.52145	0.52146	0.994234	500	0	-0.023327
G0672	10	0.63248	0.63261	0.998595	608	0	0.053112	0.25838	0.27723	0.994234	262	1	0.053112
G0778	10	0.63369	0.63387	0.998595	609	0	-0.023616	0.72355	0.7224	0.994234	712	0	-0.023616
G0509	10	0.6341	0.6343	0.998595	610	0	0.02741	0.64092	0.64127	0.994234	622	0	0.02741
G0650	10	0.63571	0.63581	0.998595	611	0	0.0021728	0.051179	0.09053	0.994234	66	2	0.0021728
G0404	10	0.63652	0.63661	0.998595	612	0	-0.022215	0.49991	0.50044	0.994234	477	0	-0.022215
G0437	10	0.63732	0.63748	0.998595	613	0	0.05254	0.24218	0.26363	0.994234	248	1	0.05254
G0758	10	0.63772	0.63785	0.998595	614	0	0.066565	0.55294	0.55282	0.994234	537	0	0.066565
G0776	10	0.63812	0.63828	0.998595	615	0	0.02625	0.36668	0.37088	0.994234	350	1	0.02625
G0284	10	0.63972	0.63991	0.998595	616	0	-0.060697	0.96824	0.96826	0.999427	968	0	-0.060697
G0583	10	0.64052	0.64083	0.998595	617	0	-0.065737	0.94992	0.95012	0.994234	955	0	-0.065737
G0662	10	0.64092	0.64127	0.998595	618	0	-0.032661	0.9441	0.94429	0.994234	949	0	-0.032661
G0119	10	0.64132	0.64169	0.998595	619	0	-0.046241	0.7188	0.71785	0.994234	702	0	-0.046241
G0403	10	0.6433	0.64355	0.998595	620	0	0.032873	0.78442	0.78411	0.994234	775	0	0.032873
G0510	10	0.64369	0.64388	0.998595	621	0	-0.037687	0.97007	0.97017	0.999427	969	0	-0.037687
G0129	10	0.64645	0.64682	0.998595	622	0	0.0059077	0.93447	0.93456	0.994234	934	0	0.0059077
G0337	10	0.6484	0.64872	0.998595	623	0	-0.062665	0.17245	0.21029	0.994234	192	1	-0.062665
G0979	10	0.64918	0.64952	0.998595	624	0	-0.042101	0.63531	0.63538	0.994234	616	0	-0.042101
G0409	10	0.64957	0.64996	0.998595	625	0	-0.015614	0.57427	0.57416	0.994234	558	0	-0.015614
G0408	10	0.65113	0.65165	0.998595	626	0	-0.039578	0.68941	0.68873	0.994234	670	0	-0.039578
G0452	10	0.6519	0.65232	0.998595	627	0	-0.057589	0.96564	0.96561	0.999427	964	0	-0.057589
G0184	10	0.65268	0.65312	0.998595	628	0	-0.035089	0.84845	0.84781	0.994234	839	0	-0.035089
G0315	10	0.65306	0.65346	0.998595	629	0	-0.032216	0.80486	0.8045	0.994234	797	0	-0.032216
G0069	10	0.65345	0.6538	0.998595	630	0	0.022777	0.09881	0.15911	0.994234	141	1	0.022777
G0273	10	0.6546	0.65491	0.998595	631	0	-0.034826	0.49018	0.49092	0.994234	467	0	-0.034826
G0152	10	0.65537	0.65551	0.998595	632	0	-0.020947	0.65652	0.65667	0.994234	636	0	-0.020947
G0359	10	0.65613	0.65619	0.998595	633	0	-0.083373	0.51991	0.51974	0.994234	498	0	-0.083373
G0388	10	0.65728	0.65738	0.998595	634	0	-0.046404	0.87805	0.87839	0.994234	877	0	-0.046404
G0421	10	0.65766	0.65769	0.998595	635	0	-0.047222	0.59335	0.5925	0.994234	579	0	-0.047222
G0505	10	0.65804	0.65809	0.998595	636	0	-0.025373	0.70376	0.70302	0.994234	686	0	-0.025373
G0966	10	0.65842	0.65851	0.998595	637	0	0.14862	0.23749	0.26016	0.994234	244	1	0.14862
G0922	10	0.6588	0.65877	0.998595	638	0	-0.071966	0.30081	0.31342	0.994234	296	1	-0.071966
G0008	10	0.65956	0.65956	0.998595	639	0	0.061096	0.088743	0.14511	0.994234	122	1	0.061096
G0654	10	0.6607	0.6607	0.998595	640	0	-0.016204	0.35666	0.36184	0.994234	340	1	-0.016204
G0038	10	0.66145	0.66146	0.998595	641	0	0.045385	0.09757	0.15814	0.994234	140	2	0.045385
G0078	10	0.66483	0.66465	0.998595	642	0	0.053862	0.4122	0.41509	0.994234	395	1	0.053862
G0866	10	0.66521	0.66504	0.998595	643	0	-0.019456	0.48854	0.48925	0.994234	465	0	-0.019456
G0081	10	0.66633	0.66601	0.998595	644	0	0.050885	0.79785	0.79729	0.994234	791	0	0.050885
G0930	10	0.6667	0.66628	0.998595	645	0	-0.056524	0.55439	0.55468	0.994234	540	0	-0.056524
G0245	10	0.66707	0.66662	0.998595	646	0	0.071062	0.34103	0.34716	0.994234	326	1	0.071062
G0182	10	0.66781	0.66755	0.998595	647	0	-0.0058336	0.62011	0.61987	0.994234	601	0	-0.0058336
G0690	10	0.66929	0.66905	0.998595	648	0	0.010666	0.81713	0.81667	0.994234	809	0	0.010666
G0440	10	0.67187	0.67162	0.998595	649	0	0.024902	0.158	0.19975	0.994234	183	1	0.024902
G0750	10	0.67297	0.67262	0.998595	650	0	0.020784	0.86871	0.86869	0.994234	866	0	0.020784
G0074	10	0.67333	0.67299	0.998595	651	0	-0.013329	0.34446	0.35028	0.994234	328	1	-0.013329
G0202	10	0.6737	0.67327	0.998595	652	0	-0.06875	0.76698	0.76681	0.994234	758	0	-0.06875
G0108	10	0.67406	0.67357	0.998595	653	0	-0.063548	0.91797	0.91729	0.994234	918	0	-0.063548
G0678	10	0.67625	0.67562	0.998595	654	0	0.018356	0.74066	0.73992	0.994234	727	0	0.018356
G0264	10	0.67697	0.6764	0.998595	655	0	-0.03486	0.030085	0.059272	0.994234	32	1	-0.03486
G0300	10	0.67733	0.67675	0.998595	656	0	0.027292	0.34172	0.3478	0.994234	327	1	0.027292
G0699	10	0.67769	0.67713	0.998595	657	0	-0.050873	0.077646	0.12909	0.994234	106	1	-0.050873
G0130	10	0.67841	0.67777	0.998595	658	0	-0.027054	0.99687	0.99694	0.999995	989	0	-0.027054
G0035	10	0.67913	0.67866	0.998595	659	0	0.093097	0.028892	0.057609	0.994234	30	2	0.093097
G0816	10	0.67949	0.679	0.998595	660	0	0.016154	0.51576	0.51565	0.994234	492	0	0.016154
G0075	10	0.67985	0.6793	0.998595	661	0	0.082078	0.12841	0.17837	0.994234	159	1	0.082078
G0739	10	0.68235	0.68175	0.998595	662	0	0.001959	0.45823	0.45996	0.994234	432	0	0.001959
G0863	10	0.68307	0.68256	0.998595	663	0	0.076586	0.48304	0.48368	0.994234	460	0	0.076586
G0009	10	0.68342	0.68287	0.998595	664	0	0.076215	0.096019	0.15598	0.994234	135	2	0.076215
G0329	10	0.68519	0.68465	0.998595	665	0	0.044358	0.25225	0.272	0.994234	257	1	0.044358
G0025	10	0.6859	0.68538	0.998595	666	0	0.0058634	0.11864	0.17198	0.994234	155	1	0.0058634
G0063	10	0.68625	0.68568	0.998595	667	0	0.071369	0.04458	0.080213	0.994234	56	2	0.071369
G0519	10	0.68766	0.68719	0.998595	668	0	-0.051845	0.9412	0.94129	0.994234	942	0	-0.051845
G0060	10	0.68941	0.68873	0.998595	669	0	-0.047091	0.20962	0.23823	0.994234	222	1	-0.047091
G0468	10	0.68976	0.68912	0.998595	670	0	-0.072439	0.99911	0.99893	0.999995	992	0	-0.072439
G0989	10	0.6901	0.6895	0.998595	671	0	0.13074	0.07864	0.13047	0.994234	108	2	0.13074
G0974	10	0.69045	0.68984	0.998595	672	0	0.055062	0.53166	0.53173	0.994234	512	0	0.055062
G0375	10	0.6915	0.69082	0.998595	673	0	0.010957	0.55776	0.55819	0.994234	544	0	0.010957
G0389	10	0.69219	0.69153	0.998595	674	0	0.014515	0.95275	0.95297	0.994234	958	0	0.014515
G0772	10	0.69288	0.69232	0.998595	675	0	-0.023466	0.83415	0.83315	0.994234	825	0	-0.023466
G0667	10	0.69323	0.69285	0.998595	676	0	0.064027	0.18833	0.22216	0.994234	204	1	0.064027
G0071	10	0.69357	0.69316	0.998595	677	0	0.0013962	0.81907	0.81869	0.994234	811	0	0.0013962
G0441	10	0.69392	0.69345	0.998595	678	0	0.079133	0.29279	0.30639	0.994234	291	1	0.079133
G0537	10	0.697	0.69656	0.998595	679	0	-0.00049247	0.28322	0.29828	0.994234	283	1	-0.00049247
G0431	10	0.69938	0.69901	0.998595	680	0	0.0075819	0.83434	0.83337	0.994234	826	0	0.0075819
G0916	10	0.70175	0.70116	0.998595	681	0	0.038309	0.39334	0.39668	0.994234	373	1	0.038309
G0163	10	0.70543	0.70451	0.998595	682	0	-0.0060983	0.81495	0.81457	0.994234	806	0	-0.0060983
G0790	10	0.70676	0.70592	0.998595	683	0	0.057814	0.50577	0.50599	0.994234	482	0	0.057814
G0993	10	0.70742	0.70653	0.998595	684	0	0.010338	0.75456	0.75402	0.994234	746	0	0.010338
G0424	10	0.70907	0.70812	0.998595	685	0	-0.039912	0.1716	0.20972	0.994234	191	1	-0.039912
G0753	10	0.70973	0.70877	0.998595	686	0	0.0067214	0.38241	0.38594	0.994234	364	1	0.0067214
G0805	10	0.71039	0.70933	0.998595	687	0	0.030481	0.40909	0.41213	0.994234	390	1	0.030481
G0217	10	0.71071	0.70969	0.998595	688	0	-0.024473	0.87283	0.87293	0.994234	872	0	-0.024473
G0625	10	0.71104	0.71	0.998595	689	0	0.053948	0.76345	0.76321	0.994234	753	0	0.053948
G0149	10	0.71365	0.71268	0.998595	690	0	-0.022114	0.40221	0.40582	0.994234	383	1	-0.022114
G0164	10	0.7143	0.71333	0.998595	691	0	0.047972	0.036758	0.068619	0.994234	41	2	0.047972
G0046	10	0.71527	0.71445	0.998595	692	0	0.056198	0.70006	0.69965	0.994234	681	0	0.056198
G0865	10	0.71655	0.71569	0.998595	693	0	0.0055912	0.31017	0.32128	0.994234	305	1	0.0055912
G0044	10	0.71784	0.71684	0.998595	694	0	0.019248	0.6484	0.64872	0.994234	627	0	0.019248
G0051	10	0.71816	0.71717	0.998595	695	0	-0.04052	0.73617	0.73545	0.994234	724	0	-0.04052
G0459	10	0.7188	0.71785	0.998595	696	0	-0.015226	0.10878	0.16514	0.994234	149	1	-0.015226
G0633	10	0.7226	0.72158	0.998595	697	0	-0.028947	0.06957	0.11774	0.994234	94	2	-0.028947
G0954	10	0.72418	0.72304	0.998595	698	0	-0.027822	0.94387	0.94403	0.994234	947	0	-0.027822
G0122	10	0.72543	0.72418	0.998595	699	0	-0.0049477	0.21124	0.23952	0.994234	224	1	-0.0049477
G0240	10	0.72574	0.72458	0.998595	700	0	0.047537	0.74943	0.74887	0.994234	738	0	0.047537
G0926	10	0.72637	0.72523	0.998595	701	0	0.043375	0.047279	0.084401	0.994234	62	2	0.043375
G0558	10	0.72761	0.72657	0.998595	702	0	0.052719	0.77363	0.77308	0.994234	766	0	0.052719
G0969	10	0.72792	0.72692	0.998595	703	0	0.045678	0.0077194	0.021005	0.994234	13	3	0.045678
G0681	10	0.72823	0.7272	0.998595	704	0	0.042157	0.37655	0.38048	0.994234	358	1	0.042157
G0118	10	0.72854	0.72746	0.998595	705	0	0.032863	0.47358	0.47476	0.994234	448	0	0.032863
G0436	10	0.73039	0.72941	0.998595	706	0	-0.040077	0.50683	0.50696	0.994234	483	0	-0.040077
G0116	10	0.7307	0.7298	0.998595	707	0	0.073543	0.49614	0.497	0.994234	473	0	0.073543
G0068	10	0.731	0.73012	0.998595	708	0	-0.059841	0.64369	0.64388	0.994234	623	0	-0.059841
G0230	10	0.73131	0.73039	0.998595	709	0	0.032354	0.53368	0.53381	0.994234	516	0	0.032354
G0244	10	0.73162	0.73066	0.998595	710	0	0.014416	0.72512	0.72391	0.994234	713	0	0.014416
G0360	10	0.73345	0.73263	0.998595	711	0	-0.034337	0.58481	0.5844	0.994234	569	0	-0.034337
G0336	10	0.73466	0.73375	0.998595	712	0	0.037497	0.72543	0.72418	0.994234	714	0	0.037497
G0055	10	0.73496	0.73412	0.998595	713	0	0.056718	0.48415	0.4849	0.994234	462	0	0.056718
G0395	10	0.73557	0.73474	0.998595	714	0	-0.078655	0.99069	0.99096	0.999995	984	0	-0.078655
G0882	10	0.73617	0.73545	0.998595	715	0	0.086063	0.65268	0.65312	0.994234	632	0	0.086063
G0114	10	0.73797	0.73709	0.998595	716	0	0.0022106	0.68307	0.68256	0.994234	664	0	0.0022106
G0936	10	0.73857	0.73773	0.998595	717	0	-0.02238	0.35464	0.35986	0.994234	337	1	-0.02238
G0134	10	0.73887	0.73808	0.998595	718	0	0.065846	0.40158	0.40524	0.994234	382	1	0.065846
G0352	10	0.74096	0.74024	0.998595	719	0	0.03633	0.67077	0.67065	0.994234	651	0	0.03633
G0265	10	0.74184	0.74121	0.998595	720	0	-0.002651	0.69563	0.69528	0.994234	676	0	-0.002651
G0024	10	0.74332	0.74273	0.998595	721	0	0.038271	0.46224	0.46418	0.994234	437	0	0.038271
G0975	10	0.74391	0.74335	0.998595	722	0	0.0064784	0.50098	0.50141	0.994234	478	0	0.0064784
G0707	10	0.7442	0.74366	0.998595	723	0	-0.016169	0.53267	0.53283	0.994234	514	0	-0.016169
G0268	10	0.74537	0.74486	0.998595	724	0	0.05185	0.90845	0.90788	0.994234	904	0	0.05185
G0671	10	0.74624	0.74576	0.998595	725	0	0.024861	0.72039	0.71945	0.994234	705	0	0.024861
G0725	10	0.74653	0.7461	0.998595	726	0	0.061003	0.0090493	0.024074	0.994234	16	2	0.061003
G0910	10	0.74711	0.74657	0.998595	727	0	0.023291	0.46794	0.46961	0.994234	443	0	0.023291
G0105	10	0.74943	0.74887	0.998595	728	0	0.074116	0.20719	0.23638	0.994234	219	1	0.074116
G0405	10	0.75	0.74938	0.998595	729	0	0.14353	0.073919	0.12369	0.994234	99	1	0.14353
G0215	10	0.75115	0.75047	0.998595	730	0	0.017987	0.89012	0.89029	0.994234	889	0	0.017987
G0632	10	0.75143	0.7508	0.998595	731	0	0.030469	0.31231	0.32294	0.994234	308	1	0.030469
G0752	10	0.75343	0.75284	0.998595	732	0	-0.056646	0.7094	0.70843	0.994234	691	0	-0.056646
G0597	10	0.75428	0.7538	0.998595	733	0	0.047212	0.028695	0.057302	0.994234	29	2	0.047212
G0653	10	0.75484	0.75422	0.998595	734	0	-0.0028766	0.6039	0.603	0.994234	586	0	-0.0028766
G0292	10	0.75512	0.75453	0.998595	735	0	-0.015513	0.8628	0.86258	0.994234	858	0	-0.015513
G0800	10	0.75569	0.75506	0.998595	736	0	0.06313	0.61801	0.61792	0.994234	598	0	0.06313
G0661	10	0.75625	0.75572	0.998595	737	0	0.0079856	0.6251	0.62508	0.994234	605	0	0.0079856
G0138	10	0.75681	0.75623	0.998595	738	0	0.0044297	0.0099095	0.026104	0.994234	17	3	0.0044297
G0326	10	0.75737	0.75671	0.998595	739	0	0.028776	0.24451	0.26575	0.994234	249	1	0.028776
G0955	10	0.75765	0.75694	0.998595	740	0	0.0078718	0.69392	0.69345	0.994234	675	0	0.0078718
G0053	10	0.75793	0.75729	0.998595	741	0	0.05084	0.26523	0.28278	0.994234	268	1	0.05084
G0830	10	0.75821	0.75759	0.998595	742	0	-0.022977	0.03807	0.07054	0.994234	43	2	-0.022977
G0712	10	0.7596	0.75914	0.998595	743	0	-0.048044	0.34034	0.34645	0.994234	325	1	-0.048044
G0785	10	0.75987	0.75946	0.998595	744	0	-0.045919	0.96774	0.96757	0.999427	966	0	-0.045919
G0014	10	0.76153	0.76102	0.998595	745	0	-0.0097826	0.7226	0.72158	0.994234	711	0	-0.0097826
G0543	10	0.76208	0.76155	0.998595	746	0	0.050266	0.74449	0.74395	0.994234	731	0	0.050266
G0844	10	0.76263	0.76224	0.998595	747	0	0.010638	0.49344	0.49426	0.994234	470	0	0.010638
G0651	10	0.76318	0.76281	0.998595	748	0	0.02903	0.67661	0.67602	0.994234	656	0	0.02903
G0004	10	0.76345	0.76321	0.998595	749	0	-0.036889	0.97029	0.97029	0.999427	970	0	-0.036889
G0250	10	0.76372	0.7635	0.998595	750	0	-0.060864	0.31303	0.32355	0.994234	309	1	-0.060864
G0607	10	0.76399	0.76371	0.998595	751	0	0.085903	0.081358	0.13453	0.994234	112	1	0.085903
G0968	10	0.76427	0.76399	0.998595	752	0	-0.044895	0.76263	0.76224	0.994234	752	0	-0.044895
G0496	10	0.76481	0.76461	0.998595	753	0	-0.015755	0.31871	0.3284	0.994234	312	1	-0.015755
G0251	10	0.76535	0.76517	0.998595	754	0	0.017623	0.10697	0.16388	0.994234	147	1	0.017623
G0646	10	0.7659	0.7658	0.998595	755	0	-0.039722	0.58843	0.58763	0.994234	574	0	-0.039722
G0644	10	0.76671	0.76654	0.998595	756	0	0.077823	0.59733	0.5962	0.994234	582	0	0.077823
G0492	10	0.76805	0.76768	0.998595	757	0	0.06436	0.0063255	0.017619	0.994234	10	2	0.06436
G0722	10	0.76886	0.76855	0.998595	758	0	-0.071463	0.57334	0.57317	0.994234	556	0	-0.071463
G0464	10	0.76912	0.76875	0.998595	759	0	-0.0042432	0.69938	0.69901	0.994234	679	0	-0.0042432
G0307	10	0.77019	0.76965	0.998595	760	0	-0.026641	0.73253	0.73171	0.994234	720	0	-0.026641
G0027	10	0.77099	0.77048	0.998595	761	0	-0.043338	0.32576	0.33425	0.994234	317	1	-0.043338
G0411	10	0.77125	0.77078	0.998595	762	0	0.045482	0.76372	0.7635	0.994234	754	0	0.045482
G0128	10	0.77152	0.77106	0.998595	763	0	0.01848	0.75399	0.75351	0.994234	745	0	0.01848
G0692	10	0.77178	0.77135	0.998595	764	0	-0.024799	0.87592	0.8759	0.994234	875	0	-0.024799
G0133	10	0.77284	0.77222	0.998595	765	0	0.0040045	0.61208	0.61189	0.994234	591	0	0.0040045
G0920	10	0.77389	0.77338	0.998595	766	0	0.058198	0.87205	0.87212	0.994234	870	0	0.058198
G0218	10	0.77494	0.77438	0.998595	767	0	-0.081472	0.054134	0.094946	0.994234	70	1	-0.081472
G0807	10	0.77702	0.77673	0.998595	768	0	0.074719	0.53818	0.53832	0.994234	521	0	0.074719
G0194	10	0.77728	0.77696	0.998595	769	0	-0.0045146	0.093332	0.152	0.994234	129	1	-0.0045146
G0192	10	0.77805	0.77775	0.998595	770	0	-0.036019	0.1293	0.17896	0.994234	160	1	-0.036019
G0559	10	0.77908	0.77892	0.998595	771	0	0.060694	0.49072	0.49158	0.994234	468	0	0.060694
G0316	10	0.78088	0.78043	0.998595	772	0	-0.051192	0.45707	0.45857	0.994234	431	0	-0.051192
G0370	10	0.7824	0.78198	0.998595	773	0	-0.036938	0.39525	0.39881	0.994234	375	1	-0.036938
G0923	10	0.78265	0.78224	0.998595	774	0	-0.0042755	0.55487	0.55518	0.994234	541	0	-0.0042755
G0825	10	0.78341	0.78305	0.998595	775	0	0.019778	0.87377	0.87386	0.994234	874	0	0.019778
G0314	10	0.78442	0.78411	0.998595	776	0	-0.023824	0.7778	0.77743	0.994234	769	0	-0.023824
G0166	10	0.78517	0.78494	0.998595	777	0	0.0026207	0.93095	0.93094	0.994234	932	0	0.0026207
G0921	10	0.78915	0.78881	0.998595	778	0	-0.012925	0.71655	0.71569	0.994234	699	0	-0.012925
G0775	10	0.79087	0.79052	0.998595	779	0	-0.068315	0.18	0.21646	0.994234	197	1	-0.068315
G0523	10	0.79136	0.79091	0.998595	780	0	-0.0099943	0.85839	0.8581	0.994234	854	0	-0.0099943
G0631	10	0.79282	0.79218	0.998595	781	0	0.066763	0.41282	0.41562	0.994234	396	1	0.066763
G0919	10	0.79354	0.79294	0.998595	782	0	0.017558	0.8872	0.88744	0.994234	883	0	0.017558
G0286	10	0.79451	0.79388	0.998595	783	0	0.058663	0.56585	0.56611	0.994234	551	0	0.058663
G0179	10	0.79475	0.79407	0.998595	784	0	0.062651	0.016718	0.03948	0.994234	25	2	0.062651
G0768	10	0.79523	0.7946	0.998595	785	0	-0.00042717	0.93701	0.93726	0.994234	938	0	-0.00042717
G0938	10	0.79595	0.79534	0.998595	786	0	0.060911	0.57934	0.57895	0.994234	563	0	0.060911
G0793	10	0.79666	0.79622	0.998595	787	0	-0.0071998	0.4651	0.467	0.994234	440	0	-0.0071998
G0517	10	0.7969	0.79645	0.998595	788	0	-0.030402	0.9055	0.90514	0.994234	900	0	-0.030402
G0500	10	0.79738	0.79685	0.998595	789	0	0.060388	0.71202	0.71096	0.994234	695	0	0.060388
G0285	10	0.79809	0.79748	0.998595	790	0	-0.01278	0.58662	0.58596	0.994234	571	0	-0.01278
G0098	10	0.79856	0.79798	0.998595	791	0	0.13824	0.33204	0.33966	0.994234	320	1	0.13824
G0917	10	0.80045	0.79996	0.998595	792	0	-0.013917	0.91723	0.91661	0.994234	916	0	-0.013917
G0454	10	0.80161	0.8011	0.998595	793	0	0.052384	0.29352	0.30707	0.994234	292	1	0.052384
G0831	10	0.80393	0.80338	0.998595	794	0	0.065321	0.68625	0.68568	0.994234	666	0	0.065321
G0428	10	0.80417	0.80367	0.998595	795	0	0.032209	0.49937	0.49993	0.994234	476	0	0.032209
G0443	10	0.80509	0.80466	0.998595	796	0	-0.029605	0.15714	0.19912	0.994234	182	1	-0.029605
G0798	10	0.80554	0.80511	0.998595	797	0	0.011955	0.5121	0.51214	0.994234	488	0	0.011955
G0283	10	0.80577	0.80533	0.998595	798	0	-0.0063617	0.26067	0.27918	0.994234	264	1	-0.0063617
G0579	10	0.80646	0.80605	0.998595	799	0	0.091425	0.083613	0.13792	0.994234	116	2	0.091425
G0555	10	0.80691	0.80638	0.998595	800	0	0.029479	0.65383	0.6542	0.994234	634	0	0.029479
G0351	10	0.80805	0.80758	0.998595	801	0	0.044654	0.44483	0.44694	0.994234	423	0	0.044654
G0903	10	0.8085	0.80799	0.998595	802	0	0.027078	0.19081	0.22392	0.994234	206	1	0.027078
G0354	10	0.8094	0.80882	0.998595	803	0	0.059236	0.67443	0.67381	0.994234	654	0	0.059236
G0125	10	0.8103	0.80974	0.998595	804	0	0.064783	0.041696	0.076163	0.994234	49	1	0.064783
G0586	10	0.81186	0.81119	0.998595	805	0	0.12446	0.074624	0.12476	0.994234	101	2	0.12446
G0476	10	0.81297	0.81255	0.998595	806	0	0.046677	0.012758	0.032827	0.994234	21	2	0.046677
G0516	10	0.81407	0.81372	0.998595	807	0	-0.018976	0.93524	0.93534	0.994234	936	0	-0.018976
G0675	10	0.81429	0.81392	0.998595	808	0	-0.028917	0.30008	0.31273	0.994234	295	1	-0.028917
G0157	10	0.81713	0.81667	0.998595	809	0	0.0083583	0.13546	0.18322	0.994234	163	1	0.0083583
G0463	10	0.81821	0.81779	0.998595	810	0	0.090897	0.46339	0.46538	0.994234	438	0	0.090897
G0450	10	0.81864	0.81813	0.998595	811	0	-0.019261	0.40597	0.40926	0.994234	386	1	-0.019261
G0102	10	0.81929	0.81887	0.998595	812	0	-0.032569	0.14332	0.18876	0.994234	170	1	-0.032569
G0513	10	0.82121	0.82079	0.998595	813	0	-0.0070205	0.94357	0.94375	0.994234	946	0	-0.0070205
G0469	10	0.82184	0.82147	0.998595	814	0	0.078296	0.42933	0.43132	0.994234	410	0	0.078296
G0781	10	0.82227	0.82183	0.998595	815	0	0.014447	0.61843	0.61826	0.994234	599	0	0.014447
G0747	10	0.82248	0.82198	0.998595	816	0	0.016659	0.47972	0.48069	0.994234	454	0	0.016659
G0094	10	0.82353	0.82308	0.998595	817	0	-0.048432	0.52963	0.52966	0.994234	509	0	-0.048432
G0900	10	0.82541	0.82495	0.998595	818	0	0.039364	0.83395	0.83295	0.994234	824	0	0.039364
G0304	10	0.82583	0.82534	0.998595	819	0	0.027895	0.074852	0.12508	0.994234	102	1	0.027895
G0610	10	0.8283	0.82725	0.998595	820	0	0.033604	0.66855	0.66833	0.994234	648	0	0.033604
G0784	10	0.82932	0.82831	0.998595	821	0	-0.0048313	0.15112	0.19443	0.994234	179	1	-0.0048313
G0521	10	0.82952	0.82856	0.998595	822	0	0.067763	0.020288	0.045015	0.994234	26	2	0.067763
G0835	10	0.82973	0.82879	0.998595	823	0	0.026594	0.92573	0.92564	0.994234	925	0	0.026594
G0905	10	0.8369	0.8361	0.998595	824	0	-0.029851	0.75904	0.75848	0.994234	749	0	-0.029851
G0112	10	0.83924	0.83832	0.998595	825	0	0.037636	0.032029	0.061965	0.994234	35	1	0.037636
G0126	10	0.83981	0.83886	0.998595	826	0	-0.018721	0.92338	0.92325	0.994234	921	0	-0.018721
G0425	10	0.84249	0.84164	0.998595	827	0	0.015554	0.0069381	0.019134	0.994234	11	2	0.015554
G0302	10	0.84343	0.84256	0.998595	828	0	-0.0037068	0.2312	0.25496	0.994234	241	1	-0.0037068
G0101	10	0.84475	0.84386	0.998595	829	0	0.033759	0.6901	0.6895	0.994234	671	0	0.033759
G0621	10	0.84493	0.8441	0.998595	830	0	0.0036481	0.31374	0.3243	0.994234	310	1	0.0036481
G0541	10	0.84605	0.84523	0.998595	831	0	0.077791	0.41034	0.41334	0.994234	392	1	0.077791
G0705	10	0.84642	0.84555	0.998595	832	0	0.035365	0.26599	0.28333	0.994234	269	1	0.035365
G0786	10	0.84661	0.84572	0.998595	833	0	0.050846	0.56253	0.56292	0.994234	549	0	0.050846
G0820	10	0.84698	0.84605	0.998595	834	0	-0.017874	0.50895	0.50914	0.994234	484	0	-0.017874
G0748	10	0.84845	0.84781	0.998595	835	0	-0.05589	0.80828	0.80781	0.994234	802	0	-0.05589
G0188	10	0.84918	0.84854	0.998595	836	0	-0.05504	0.11417	0.16881	0.994234	152	1	-0.05504
G0664	10	0.84954	0.84894	0.998595	837	0	0.05635	0.16227	0.20273	0.994234	185	1	0.05635
G0949	10	0.84972	0.84908	0.998595	838	0	0.13321	0.011284	0.029272	0.994234	19	2	0.13321
G0117	10	0.85009	0.84945	0.998595	839	0	0.058173	0.042658	0.07753	0.994234	52	1	0.058173
G0608	10	0.85153	0.85092	0.998595	840	0	0.011992	0.80782	0.8074	0.994234	801	0	0.011992
G0232	10	0.85207	0.85141	0.998595	841	0	-0.01746	0.74624	0.74576	0.994234	734	0	-0.01746
G0327	10	0.85296	0.85222	0.998595	842	0	0.053859	0.18084	0.21701	0.994234	198	1	0.053859
G0308	10	0.85349	0.85281	0.998595	843	0	0.024633	0.61123	0.61096	0.994234	589	0	0.024633
G0614	10	0.85579	0.8554	0.998595	844	0	0.016462	0.61548	0.61548	0.994234	595	0	0.016462
G0843	10	0.85614	0.85588	0.998595	845	0	0.017573	0.73436	0.73353	0.994234	722	0	0.017573
G0749	10	0.8577	0.85754	0.998595	846	0	0.023891	0.65074	0.65122	0.994234	630	0	0.023891
G0615	10	0.85804	0.85787	0.998595	847	0	0.070967	0.30802	0.31933	0.994234	302	1	0.070967
G0953	10	0.85908	0.8589	0.998595	848	0	-0.0038677	0.59821	0.59727	0.994234	583	0	-0.0038677
G0328	10	0.85925	0.85901	0.998595	849	0	-0.0085467	0.2622	0.28029	0.994234	265	1	-0.0085467
G0708	10	0.86078	0.86056	0.998595	850	0	0.007249	0.16822	0.20714	0.994234	189	1	0.007249
G0931	10	0.86264	0.86239	0.998595	851	0	-0.023645	0.8103	0.80974	0.994234	804	0	-0.023645
G0430	10	0.8628	0.86258	0.998595	852	0	-0.029239	0.47749	0.47824	0.994234	451	0	-0.029239
G0822	10	0.86347	0.86314	0.998595	853	0	-0.0032471	0.54364	0.54343	0.994234	528	0	-0.0032471
G0484	10	0.86364	0.8633	0.998595	854	0	0.049961	0.28544	0.30025	0.994234	286	1	0.049961
G0160	10	0.86726	0.86713	0.998595	855	0	0.060598	0.07893	0.13088	0.994234	109	2	0.060598
G0150	10	0.86887	0.86886	0.998595	856	0	0.016466	0.85153	0.85092	0.994234	842	0	0.016466
G0322	10	0.86935	0.86934	0.998595	857	0	0.023773	0.035906	0.067381	0.994234	40	1	0.023773
G0390	10	0.86983	0.86981	0.998595	858	0	0.067828	0.26977	0.28672	0.994234	273	1	0.067828
G0347	10	0.87158	0.87168	0.998595	859	0	0.01957	0.14593	0.19069	0.994234	173	1	0.01957
G0846	10	0.8747	0.87475	0.998595	860	0	0.036697	0.6108	0.61049	0.994234	588	0	0.036697
G0321	10	0.87577	0.87572	0.998595	861	0	0.020882	0.74361	0.74301	0.994234	730	0	0.020882
G0869	10	0.87608	0.87608	0.998595	862	0	0.034611	0.092941	0.15144	0.994234	128	2	0.034611
G0884	10	0.87775	0.87795	0.998595	863	0	0.024366	0.32786	0.33605	0.994234	318	1	0.024366
G0596	10	0.8782	0.87864	0.998595	864	0	-0.012324	0.39905	0.40275	0.994234	379	1	-0.012324
G0529	10	0.8788	0.87917	0.998595	865	0	0.0053497	0.72854	0.72746	0.994234	716	0	0.0053497
G0619	10	0.87895	0.87934	0.998595	866	0	0.033765	0.80021	0.79973	0.994234	793	0	0.033765
G0935	10	0.87954	0.87987	0.998595	867	0	0.0031358	0.13983	0.1863	0.994234	167	1	0.0031358
G0434	10	0.88176	0.88239	0.998595	868	0	0.036644	0.61293	0.61288	0.994234	593	0	0.036644
G0258	10	0.88263	0.8832	0.998595	869	0	0.0081244	0.52658	0.52656	0.994234	505	0	0.0081244
G0502	10	0.88307	0.88358	0.998595	870	0	-0.035708	0.83827	0.83739	0.994234	829	0	-0.035708
G0446	10	0.88365	0.88398	0.998595	871	0	-0.017612	0.91388	0.91345	0.994234	910	0	-0.017612
G0530	10	0.88379	0.88406	0.998595	872	0	0.04565	0.21848	0.24491	0.994234	231	1	0.04565
G0263	10	0.88408	0.88425	0.998595	873	0	0.054136	0.49506	0.49586	0.994234	471	0	0.054136
G0121	10	0.88437	0.88447	0.998595	874	0	-0.00072092	0.95333	0.95347	0.994234	959	0	-0.00072092
G0190	10	0.88508	0.88529	0.998595	875	0	0.0058865	0.55002	0.54996	0.994234	534	0	0.0058865
G0582	10	0.88678	0.88701	0.998595	876	0	0.031688	0.62427	0.62406	0.994234	604	0	0.031688
G0144	10	0.88776	0.88797	0.998595	877	0	0.0046469	0.15456	0.1972	0.994234	181	1	0.0046469
G0524	10	0.89229	0.89243	0.998595	878	0	0.055523	0.51367	0.51363	0.994234	491	0	0.055523
G0478	10	0.89283	0.89292	0.998595	879	0	0.040279	0.045139	0.081153	0.994234	58	2	0.040279
G0376	10	0.89309	0.8932	0.998595	880	0	-0.044226	0.69219	0.69153	0.994234	673	0	-0.044226
G0419	10	0.89403	0.894	0.998595	881	0	-0.010367	0.72007	0.71911	0.994234	704	0	-0.010367
G0688	10	0.89456	0.89456	0.998595	882	0	0.09727	0.069016	0.1169	0.994234	93	2	0.09727
G0913	10	0.89639	0.89621	0.998595	883	0	0.067555	0.52862	0.52862	0.994234	507	0	0.067555
G0444	10	0.8973	0.89715	0.998595	884	0	-0.010132	0.042576	0.077411	0.994234	51	2	-0.010132
G0763	10	0.89781	0.89773	0.998595	885	0	0.035611	0.40785	0.41104	0.994234	389	1	0.035611
G0363	10	0.90259	0.90232	0.998595	886	0	0.043921	0.85243	0.85178	0.994234	845	0	0.043921
G0385	10	0.90356	0.90318	0.998595	887	0	0.0083088	0.74036	0.73955	0.994234	726	0	0.0083088
G0162	10	0.90441	0.90397	0.998595	888	0	0.012821	0.51105	0.51101	0.994234	487	0	0.012821
G0191	10	0.90775	0.90731	0.998595	889	0	0.062504	0.91659	0.91607	0.994234	914	0	0.062504
G0656	10	0.90821	0.90769	0.998595	890	0	0.017992	0.60128	0.60036	0.994234	585	0	0.017992
G0358	10	0.90868	0.9082	0.998595	891	0	0.0093902	0.56914	0.56909	0.994234	555	0	0.0093902
G0638	10	0.91006	0.90974	0.998595	892	0	0.0099982	0.28173	0.29724	0.994234	281	1	0.0099982
G0072	10	0.91018	0.9098	0.998595	893	0	0.041738	0.62921	0.62961	0.994234	608	0	0.041738
G0310	10	0.91165	0.91121	0.998595	894	0	0.034438	0.54414	0.54393	0.994234	529	0	0.034438
G0427	10	0.91199	0.91156	0.998595	895	0	0.00050377	0.42326	0.42574	0.994234	404	1	0.00050377
G0553	10	0.91321	0.91278	0.998595	896	0	0.046443	0.79306	0.79249	0.994234	785	0	0.046443
G0838	10	0.91388	0.91345	0.998595	897	0	0.046862	0.22645	0.25127	0.994234	238	1	0.046862
G0221	10	0.9167	0.91616	0.998595	898	0	0.004683	0.65113	0.65165	0.994234	631	0	0.004683
G0457	10	0.91807	0.91736	0.998595	899	0	0.0077394	0.52042	0.52034	0.994234	499	0	0.0077394
G0942	10	0.91839	0.91773	0.998595	900	0	0.024273	0.86611	0.866	0.994234	860	0	0.024273
G0714	10	0.9187	0.918	0.998595	901	0	0.081322	0.35126	0.35642	0.994234	334	1	0.081322
G0945	10	0.91881	0.91806	0.998595	902	0	0.029201	0.068305	0.11586	0.994234	91	1	0.029201
G0146	10	0.91943	0.91876	0.998595	903	0	0.088206	0.058879	0.10181	0.994234	81	1	0.088206
G0399	10	0.92005	0.91956	0.998595	904	0	0.01455	0.94586	0.94604	0.994234	951	0	0.01455
G0012	10	0.92229	0.92194	0.998595	905	0	0.029546	0.51732	0.51713	0.994234	494	0	0.029546
G0165	10	0.92239	0.92211	0.998595	906	0	0.024508	0.43114	0.433	0.994234	412	0	0.024508
G0883	10	0.92309	0.92294	0.998595	907	0	0.16123	0.050685	0.089708	0.994234	65	2	0.16123
G0222	10	0.92378	0.92359	0.998595	908	0	-0.045464	0.11686	0.17072	0.994234	154	1	-0.045464
G0057	10	0.92407	0.92392	0.998595	909	0	0.056734	0.63972	0.63991	0.994234	620	0	0.056734
G0952	10	0.92544	0.92544	0.998595	910	0	0.012036	0.09972	0.15958	0.994234	142	1	0.012036
G0796	10	0.9263	0.92607	0.998595	911	0	0.052218	0.25148	0.27136	0.994234	256	1	0.052218
G0853	10	0.92707	0.92682	0.998595	912	0	0.058729	0.84936	0.84874	0.994234	840	0	0.058729
G0573	10	0.92782	0.92754	0.998595	913	0	0.037698	0.12576	0.17682	0.994234	157	1	0.037698
G0453	10	0.92819	0.92799	0.998595	914	0	0.036122	0.85579	0.8554	0.994234	851	0	0.036122
G0962	10	0.92857	0.92835	0.998595	915	0	0.029734	0.76939	0.76898	0.994234	761	0	0.029734
G0151	10	0.92866	0.92842	0.998595	916	0	0.014708	0.50365	0.50392	0.994234	479	0	0.014708
G0728	10	0.92885	0.92864	0.998595	917	0	0.064696	0.56867	0.56865	0.994234	554	0	0.064696
G0016	10	0.92986	0.92975	0.998595	918	0	0.07611	0.76725	0.76705	0.994234	759	0	0.07611
G0609	10	0.93013	0.93005	0.998595	919	0	0.089654	0.065486	0.11174	0.994234	89	1	0.089654
G0301	10	0.9305	0.93036	0.998595	920	0	-0.010268	0.54904	0.54888	0.994234	533	0	-0.010268
G0058	10	0.93131	0.93134	0.998595	921	0	-0.00068377	0.096075	0.15607	0.994234	136	1	-0.00068377
G0939	10	0.93167	0.93166	0.998595	922	0	0.15425	0.0070427	0.019391	0.994234	12	3	0.15425
G0085	10	0.93176	0.93173	0.998595	923	0	0.020854	0.36469	0.36886	0.994234	347	1	0.020854
G0580	10	0.93229	0.93229	0.998595	924	0	0.073914	0.85314	0.85239	0.994234	846	0	0.073914
G0339	10	0.93404	0.93405	0.998595	925	0	0.049871	0.19576	0.22777	0.994234	209	1	0.049871
G0896	10	0.93447	0.93456	0.998595	926	0	0.024818	0.28912	0.30325	0.994234	289	1	0.024818
G0972	10	0.93473	0.93484	0.998595	927	0	0.021008	0.85385	0.85316	0.994234	847	0	0.021008
G0246	10	0.93567	0.93585	0.998595	928	0	0.10398	0.35059	0.35581	0.994234	333	1	0.10398
G0306	10	0.93718	0.93738	0.998595	929	0	-0.017097	0.39142	0.39442	0.994234	372	1	-0.017097
G0082	10	0.93881	0.93889	0.998595	930	0	0.0049778	0.87895	0.87934	0.994234	878	0	0.0049778
G0594	10	0.93906	0.9391	0.998595	931	0	0.090791	0.65804	0.65809	0.994234	638	0	0.090791
G0181	10	0.94089	0.941	0.998595	932	0	0.077326	0.55824	0.55869	0.994234	545	0	0.077326
G0771	10	0.94159	0.94176	0.998595	933	0	-0.0074237	0.095161	0.15482	0.994234	133	1	-0.0074237
G0183	10	0.94244	0.94262	0.998595	934	0	0.057808	0.61421	0.61423	0.994234	594	0	0.057808
G0885	10	0.94673	0.94681	0.998595	935	0	0.025981	0.58391	0.58321	0.994234	568	0	0.025981
G0229	10	0.94835	0.94841	0.998595	936	0	0.033936	0.66483	0.66465	0.994234	644	0	0.033936
G0914	10	0.94862	0.94875	0.998595	937	0	0.057675	0.32435	0.333	0.994234	316	1	0.057675
G0845	10	0.94897	0.94909	0.998595	938	0	0.079062	0.058804	0.1017	0.994234	80	2	0.079062
G0365	10	0.94904	0.94919	0.998595	939	0	0.023906	0.28396	0.29894	0.994234	284	1	0.023906
G0879	10	0.94965	0.94993	0.998595	940	0	0.029591	0.42265	0.42506	0.994234	403	1	0.029591
G0479	10	0.95093	0.95116	0.998595	941	0	0.029169	0.53868	0.53878	0.994234	522	0	0.029169
G0465	10	0.95132	0.95151	0.998595	942	0	-0.0077094	0.11507	0.16938	0.994234	153	1	-0.0077094
G0983	10	0.95152	0.95178	0.998595	943	0	0.06917	0.046497	0.083243	0.994234	61	2	0.06917
G0061	10	0.95185	0.95205	0.998595	944	0	0.062702	0.21527	0.2424	0.994234	228	1	0.062702
G0475	10	0.95358	0.95372	0.998595	945	0	-0.024369	0.25532	0.27469	0.994234	259	1	-0.024369
G0981	10	0.95664	0.95689	0.998595	946	0	0.019715	0.68766	0.68719	0.994234	668	0	0.019715
G0994	10	0.95787	0.95806	0.998595	947	0	0.03795	0.84734	0.84647	0.994234	837	0	0.03795
G0435	10	0.9585	0.95876	0.998595	948	0	0.0058248	0.51262	0.51268	0.994234	489	0	0.0058248
G0636	10	0.96094	0.96096	0.998595	949	0	0.13737	0.2795	0.29534	0.994234	279	1	0.13737
G0850	10	0.96132	0.96133	0.998595	950	0	0.00045207	0.65422	0.6546	0.994234	635	0	0.00045207
G0606	10	0.96169	0.96175	0.998595	951	0	0.048357	0.057932	0.10031	0.994234	78	2	0.048357
G0794	10	0.96227	0.96229	0.998595	952	0	0.027988	0.21285	0.24064	0.994234	226	1	0.027988
G0640	10	0.96361	0.9637	0.998595	953	0	0.052622	0.07605	0.12663	0.994234	103	2	0.052622
G0673	10	0.96382	0.96388	0.998595	954	0	0.072804	0.038805	0.071688	0.994234	47	1	0.072804
G0544	10	0.96422	0.96428	0.998595	955	0	0.034065	0.21205	0.24005	0.994234	225	1	0.034065
G0007	10	0.96635	0.96629	0.998595	956	0	0.035439	0.076715	0.12757	0.994234	104	1	0.035439
G0139	10	0.96761	0.96745	0.998595	957	0	-0.0068345	0.24839	0.26895	0.994234	252	1	-0.0068345
G0864	10	0.9686	0.96866	0.998595	958	0	0.019696	0.21043	0.239	0.994234	223	1	0.019696
G0303	10	0.96878	0.96889	0.998595	959	0	-0.002346	0.56443	0.5648	0.994234	550	0	-0.002346
G0595	10	0.96921	0.96937	0.998595	960	0	0.038414	0.048412	0.086213	0.994234	63	2	0.038414
G0857	10	0.96999	0.97013	0.998595	961	0	0.032849	0.23984	0.26198	0.994234	247	1	0.032849
G0420	10	0.97007	0.97017	0.998595	962	0	0.020507	0.41714	0.41968	0.994234	401	1	0.020507
G0847	10	0.9705	0.97048	0.998595	963	0	0.014498	0.50418	0.50447	0.994234	480	0	0.014498
G0006	10	0.9752	0.9755	0.998595	964	0	0.039474	0.26826	0.28538	0.994234	271	1	0.039474
G0984	10	0.97524	0.97552	0.998595	965	0	0.082711	0.4858	0.48654	0.994234	463	0	0.082711
G0100	10	0.97573	0.97608	0.998595	966	0	0.032924	0.13721	0.18436	0.994234	165	1	0.032924
G0645	10	0.97656	0.977	0.998595	967	0	0.089933	0.57658	0.57632	0.994234	561	0	0.089933
G0965	10	0.97673	0.9772	0.998595	968	0	0.055587	0.63732	0.63748	0.994234	618	0	0.055587
G0827	10	0.97783	0.9784	0.998595	969	0	0.037057	0.6866	0.68604	0.994234	667	0	0.037057
G0751	10	0.97844	0.97895	0.998595	970	0	0.024174	0.74827	0.74766	0.994234	736	0	0.024174
G0947	10	0.97875	0.97927	0.998595	971	0	0.054911	0.055962	0.09755	0.994234	73	2	0.054911
G0682	10	0.98017	0.98093	0.998595	972	0	0.078641	0.45995	0.46189	0.994234	434	0	0.078641
G0167	10	0.98029	0.98101	0.998595	973	0	0.047858	0.91299	0.9126	0.994234	908	0	0.047858
G0824	10	0.98157	0.98229	0.998595	974	0	0.0092307	0.54315	0.54287	0.994234	527	0	0.0092307
G0536	10	0.98173	0.98238	0.998595	975	0	0.036745	0.34991	0.35505	0.994234	332	1	0.036745
G0238	10	0.98382	0.98442	0.998595	976	0	0.070885	0.3772	0.38115	0.994234	359	1	0.070885
G0985	10	0.98426	0.98487	0.998595	977	0	0.066147	0.30874	0.3199	0.994234	303	1	0.066147
G0565	10	0.98487	0.98553	0.998595	978	0	0.117	0.72102	0.7201	0.994234	707	0	0.117
G0951	10	0.98505	0.98578	0.998595	979	0	0.046557	0.55728	0.55769	0.994234	543	0	0.046557
G0489	10	0.98694	0.9876	0.998595	980	0	0.05511	0.47916	0.48008	0.994234	453	0	0.05511
G0531	10	0.98808	0.98873	0.998595	981	0	0.038712	0.61251	0.61244	0.994234	592	0	0.038712
G0203	10	0.98868	0.98918	0.998595	982	0	0.18687	0.032108	0.062015	0.994234	36	2	0.18687
G0657	10	0.9892	0.98965	0.998595	983	0	0.036271	0.22725	0.25207	0.994234	239	1	0.036271
G0313	10	0.98983	0.99021	0.998595	984	0	0.033834	0.051923	0.091767	0.994234	67	2	0.033834
G0738	10	0.98984	0.99023	0.998595	985	0	0.072851	0.33759	0.3442	0.994234	323	1	0.072851
G0757	10	0.98986	0.99025	0.998595	986	0	0.075689	0.40535	0.40865	0.994234	385	1	0.075689
G0841	10	0.99031	0.99067	0.998595	987	0	0.080308	0.031057	0.060599	0.994234	34	1	0.080308
G0715	10	0.99039	0.99075	0.998595	988	0	0.11454	0.1875	0.22159	0.994234	203	1	0.11454
G0174	10	0.99114	0.99144	0.998595	989	0	-0.020266	0.6345	0.6347	0.994234	614	0	-0.020266
G0761	10	0.9915	0.99182	0.998595	990	0	0.023428	0.43414	0.43602	0.994234	415	0	0.023428
G0494	10	0.9918	0.99207	0.998595	991	0	0.033201	0.58163	0.58113	0.994234	565	0	0.033201
G0412	10	0.99316	0.99354	0.998595	992	0	0.12609	0.17917	0.21576	0.994234	196	1	0.12609
G0599	10	0.9936	0.99405	0.998595	993	0	0.086346	0.46567	0.46745	0.994234	441	0	0.086346
G0349	10	0.99372	0.9942	0.998595	994	0	0.052939	0.72197	0.72106	0.994234	709	0	0.052939
G0277	10	0.99495	0.9952	0.998595	995	0	0.028127	0.28691	0.30142	0.994234	288	1	0.028127
G0925	10	0.99537	0.9955	0.998595	996	0	0.065629	0.080092	0.13267	0.994234	110	2	0.065629
G0957	10	0.99549	0.9956	0.998595	997	0	0.14573	0.46907	0.47053	0.994234	444	0	0.14573
G0872	10	1.0	1.0	0.999995	998	0	5.8665	2.4736e-26	4.9505e-06	0.00165	1	10	5.8665
G0170	10	1.0	1.0	0.999995	999	0	6.1751	3.5355e-26	4.9505e-06	0.00165	2	10	6.1751
G0907	10	1.0	1.0	0.999995	1000	0	6.0698	4.9914e-26	4.9505e-06	0.00165	3	10	6.0698
