id	num	neg|score	neg|p-value	neg|fdr	neg|rank	neg|goodsgrna	neg|lfc	pos|score	pos|p-value	pos|fdr	pos|rank	pos|goodsgrna	pos|lfc
G0913	10	2.12e-08	4.9505e-06	0.002475	1	8	-1.2302	0.9435	0.9437	0.999955	901	0	-1.2302
G0753	10	1.5196e-06	4.9505e-06	0.002475	2	9	-1.1825	0.99972	0.99968	0.999955	997	0	-1.1825
G0562	10	7.4611e-06	4.4554e-05	0.014851	3	9	-0.83233	0.97361	0.97383	0.999955	954	0	-0.83233
G0604	10	0.00020641	0.0012525	0.313119	4	7	-1.0273	0.99875	0.99871	0.999955	991	0	-1.0273
G0792	10	0.00025777	0.001599	0.319802	5	7	-1.1378	0.99738	0.99732	0.999955	987	0	-1.1378
G0308	10	0.00055468	0.0032525	0.473597	6	5	-0.59559	0.5063	0.58858	0.999955	445	1	-0.59559
G0620	10	0.00060629	0.0035396	0.473597	7	8	-0.56429	0.80873	0.80819	0.999955	729	0	-0.56429
G0884	10	0.00068432	0.0040248	0.473597	8	6	-1.0784	0.99982	0.99974	0.999955	998	0	-1.0784
G0113	10	0.00072417	0.0042624	0.473597	9	5	-0.36867	0.97388	0.97418	0.999955	955	0	-0.36867
G0295	10	0.00084933	0.0049059	0.490594	10	7	-0.91753	0.99285	0.99312	0.999955	979	0	-0.91753
G0933	10	0.0010017	0.0056188	0.506188	11	7	-0.98939	0.9878	0.98847	0.999955	973	0	-0.98939
G0354	10	0.0010956	0.0060743	0.506188	12	6	-0.7905	0.80045	0.79996	0.999955	716	0	-0.7905
G0093	10	0.0012907	0.0073119	0.562452	13	7	-0.71543	0.9993	0.99916	0.999955	994	0	-0.71543
G0980	10	0.0015976	0.0089752	0.58396	14	6	-0.78961	0.99045	0.99081	0.999955	976	0	-0.78961
G0956	10	0.0017222	0.0097475	0.58396	15	5	-0.30546	0.82163	0.82124	0.999955	749	0	-0.30546
G0441	10	0.0018088	0.010153	0.58396	16	4	-0.20027	0.80531	0.80491	0.999955	724	0	-0.20027
G0850	10	0.0021248	0.011856	0.58396	17	7	-0.93283	0.99993	0.99988	0.999955	999	0	-0.93283
G0831	10	0.0022033	0.012262	0.58396	18	4	0.029446	0.06721	0.15363	0.999955	80	3	0.029446
G0746	10	0.0022076	0.012272	0.58396	19	7	-0.41404	0.64012	0.66551	0.999955	555	1	-0.41404
G0171	10	0.0022166	0.012312	0.58396	20	5	-0.23245	0.50683	0.58887	0.999955	446	1	-0.23245
G0148	10	0.0024172	0.013064	0.58396	21	7	-0.8715	0.99997	0.99996	0.999955	1000	0	-0.8715
G0102	10	0.0025081	0.01347	0.58396	22	7	-0.72646	0.99778	0.99765	0.999955	989	0	-0.72646
G0957	10	0.002548	0.013668	0.58396	23	3	0.14536	0.14495	0.27912	0.999955	133	3	0.14536
G0003	10	0.0027053	0.01451	0.58396	24	7	-0.44593	0.73557	0.73712	0.999955	638	1	-0.44593
G0135	10	0.002726	0.014599	0.58396	25	3	-0.015142	0.57194	0.62368	0.999955	487	1	-0.015142
G0591	10	0.0028794	0.015342	0.587798	26	6	-0.44089	0.97866	0.97917	0.999955	959	0	-0.44089
G0328	10	0.0030715	0.016272	0.587798	27	6	-0.57642	0.80021	0.79973	0.999955	715	0	-0.57642
G0423	10	0.0034945	0.017926	0.587798	28	3	-0.023977	0.83215	0.83123	0.999955	763	0	-0.023977
G0779	10	0.0035119	0.017975	0.587798	29	3	-0.1706	0.80985	0.80925	0.999955	732	0	-0.1706
G0893	10	0.0037728	0.019045	0.587798	30	6	-0.55923	0.52197	0.59651	0.999955	454	1	-0.55923
G0440	10	0.0038145	0.019302	0.587798	31	6	-0.46544	0.39778	0.53404	0.999955	368	2	-0.46544
G0627	10	0.0039002	0.019698	0.587798	32	3	-0.077496	0.3369	0.46975	0.999955	284	2	-0.077496
G0507	10	0.0039557	0.019985	0.587798	33	7	-0.54649	0.95439	0.95456	0.999955	922	0	-0.54649
G0932	10	0.0039565	0.019985	0.587798	34	5	-0.5584	0.34034	0.47342	0.999955	289	1	-0.5584
G0474	10	0.0042504	0.021361	0.598359	35	7	-0.39878	0.80963	0.809	0.999955	731	0	-0.39878
G0128	10	0.0043835	0.021955	0.598359	36	7	-0.47555	0.44659	0.56166	0.999955	406	1	-0.47555
G0192	10	0.0044909	0.022292	0.598359	37	3	-0.26689	0.77702	0.77673	0.999955	684	0	-0.26689
G0889	10	0.0046056	0.022738	0.598359	38	7	-0.35061	0.91765	0.91701	0.999955	860	0	-0.35061
G0837	10	0.0048537	0.023856	0.611703	39	6	-0.5237	0.66145	0.68011	0.999955	575	1	-0.5237
G0333	10	0.0051987	0.025342	0.63354	40	5	-0.46727	0.90739	0.90695	0.999955	847	0	-0.46727
G0082	10	0.0054864	0.026332	0.642236	41	4	0.13052	0.41898	0.54993	0.999955	387	1	0.13052
G0821	10	0.006481	0.030203	0.689356	42	2	0.065703	0.38823	0.52384	0.999955	356	2	0.065703
G0784	10	0.0064942	0.030252	0.689356	43	6	-0.46795	0.98839	0.989	0.999955	974	0	-0.46795
G0054	10	0.006511	0.030332	0.689356	44	6	-0.52954	0.96554	0.96553	0.999955	939	0	-0.52954
G0624	10	0.0069997	0.032114	0.703918	45	4	-0.21954	0.40387	0.54054	0.999955	376	2	-0.21954
G0017	10	0.0072647	0.033035	0.703918	46	6	-0.28575	0.33609	0.46889	0.999955	282	2	-0.28575
G0866	10	0.0072824	0.033084	0.703918	47	6	-0.48979	0.36202	0.49649	0.999955	318	1	-0.48979
G0533	10	0.0076886	0.034609	0.710952	48	5	-0.77744	0.99896	0.99885	0.999955	993	0	-0.77744
G0198	10	0.007752	0.034837	0.710952	49	4	-0.40416	0.74595	0.74663	0.999955	648	1	-0.40416
G0700	10	0.0084063	0.037153	0.711657	50	5	-0.50839	0.26296	0.39589	0.999955	207	1	-0.50839
G0677	10	0.0084676	0.037401	0.711657	51	3	-0.035956	0.70841	0.71434	0.999955	611	1	-0.035956
G0015	10	0.0084687	0.037411	0.711657	52	4	0.034004	0.67985	0.69291	0.999955	589	1	0.034004
G0264	10	0.0085693	0.037718	0.711657	53	5	-0.40472	0.75848	0.75822	0.999955	662	1	-0.40472
G0415	10	0.0092757	0.040292	0.715497	54	5	-0.36236	0.96873	0.96886	0.999955	948	0	-0.36236
G0344	10	0.0094595	0.040718	0.715497	55	2	-0.093304	0.89012	0.89029	0.999955	835	0	-0.093304
G0960	10	0.0097691	0.041946	0.715497	56	4	-0.28463	0.57796	0.62713	0.999955	494	1	-0.28463
G0793	10	0.0098915	0.042421	0.715497	57	6	-0.48884	0.80208	0.80151	0.999955	719	0	-0.48884
G0728	10	0.0099794	0.042698	0.715497	58	6	-0.41151	0.67661	0.69041	0.999955	585	1	-0.41151
G0317	10	0.010138	0.043114	0.715497	59	4	-0.12694	0.9585	0.95876	0.999955	927	0	-0.12694
G0838	10	0.010263	0.043609	0.715497	60	4	-0.14273	0.042359	0.11137	0.999955	74	3	-0.14273
G0909	10	0.010451	0.044262	0.715497	61	4	-0.28371	0.57519	0.62567	0.999955	490	1	-0.28371
G0670	10	0.010734	0.045272	0.715497	62	5	-0.22031	0.95963	0.95978	0.999955	932	0	-0.22031
G0832	10	0.0111	0.04648	0.715497	63	5	-0.21211	0.83255	0.83159	0.999955	764	0	-0.21211
G0880	10	0.011154	0.046748	0.715497	64	5	-0.26665	0.97632	0.97675	0.999955	956	0	-0.26665
G0383	10	0.011223	0.046985	0.715497	65	5	-0.35335	0.73405	0.73582	0.999955	635	1	-0.35335
G0436	10	0.011284	0.047223	0.715497	66	6	-0.74919	0.99968	0.99959	0.999955	996	0	-0.74919
G0225	10	0.01181	0.049015	0.731565	67	3	-0.52109	0.99573	0.99585	0.999955	985	0	-0.52109
G0011	10	0.012202	0.050312	0.738685	68	4	-0.46638	0.39854	0.53498	0.999955	370	2	-0.46638
G0597	10	0.01243	0.051173	0.738685	69	4	-0.048408	0.38785	0.52337	0.999955	355	2	-0.048408
G0989	10	0.012569	0.051708	0.738685	70	4	-0.027671	0.76778	0.7675	0.999955	674	1	-0.027671
G0944	10	0.013582	0.055173	0.75	71	6	-0.43528	0.64566	0.66937	0.999955	561	1	-0.43528
G0566	10	0.013639	0.055351	0.75	72	5	-0.48153	0.59997	0.6395	0.999955	514	1	-0.48153
G0543	10	0.013739	0.055748	0.75	73	2	0.10205	0.21527	0.34849	0.999955	167	1	0.10205
G0629	10	0.013795	0.055936	0.75	74	5	-0.49666	0.4685	0.57141	0.999955	421	1	-0.49666
G0768	10	0.013882	0.056252	0.75	75	3	-0.33267	0.26372	0.39667	0.999955	209	2	-0.33267
G0539	10	0.014389	0.057965	0.75	76	5	-0.35525	0.36902	0.50452	0.999955	332	2	-0.35525
G0689	10	0.014406	0.058025	0.75	77	5	-0.43885	0.39779	0.53404	0.999955	369	1	-0.43885
G0086	10	0.014576	0.0585	0.75	78	5	-0.31735	0.98751	0.9882	0.999955	971	0	-0.31735
G0430	10	0.014877	0.05946	0.752663	79	5	-0.76073	0.99478	0.99506	0.999955	984	0	-0.76073
G0739	10	0.015135	0.060391	0.754889	80	5	-0.3635	0.16509	0.29989	0.999955	141	2	-0.3635
G0215	10	0.015844	0.062995	0.777717	81	4	-0.2555	0.61843	0.65129	0.999955	533	1	-0.2555
G0406	10	0.016297	0.064579	0.78188	82	6	-0.45729	0.933	0.93304	0.999955	879	0	-0.45729
G0175	10	0.016378	0.064896	0.78188	83	1	0.068093	0.52094	0.59607	0.999955	453	1	0.068093
G0502	10	0.017363	0.068104	0.80486	84	2	-0.28644	0.78567	0.78547	0.999955	700	0	-0.28644
G0703	10	0.017511	0.068579	0.80486	85	6	-0.59279	0.99891	0.9988	0.999955	992	0	-0.59279
G0259	10	0.018347	0.071569	0.80486	86	3	-0.24024	0.63491	0.66207	0.999955	550	1	-0.24024
G0067	10	0.018444	0.071955	0.80486	87	5	-0.36194	0.9618	0.96184	0.999955	936	0	-0.36194
G0863	10	0.018946	0.073955	0.80486	88	5	-0.12796	0.032807	0.091688	0.999955	68	4	-0.12796
G0600	10	0.019119	0.07447	0.80486	89	4	-0.1022	0.47526	0.57443	0.999955	425	1	-0.1022
G0698	10	0.01933	0.075193	0.80486	90	2	-0.18684	0.93104	0.93103	0.999955	878	0	-0.18684
G0228	10	0.019447	0.075658	0.80486	91	5	-0.44063	0.78492	0.78468	0.999955	699	0	-0.44063
G0131	10	0.019605	0.076144	0.80486	92	4	0.19003	0.34541	0.4786	0.999955	296	2	0.19003
G0177	10	0.019771	0.076619	0.80486	93	6	-0.44128	0.98723	0.98793	0.999955	970	0	-0.44128
G0155	10	0.019864	0.076975	0.80486	94	5	-0.28983	0.94807	0.94819	0.999955	909	0	-0.28983
G0735	10	0.019982	0.077411	0.80486	95	6	-0.43368	0.68766	0.69854	0.999955	596	1	-0.43368
G0622	10	0.020312	0.07853	0.80486	96	4	-0.42959	0.97041	0.97038	0.999955	951	0	-0.42959
G0699	10	0.020384	0.078767	0.80486	97	5	-0.4242	0.47805	0.57557	0.999955	427	1	-0.4242
G0509	10	0.020429	0.078876	0.80486	98	5	-0.52833	0.47861	0.57586	0.999955	428	1	-0.52833
G0725	10	0.021201	0.081322	0.816485	99	5	-0.3603	0.74066	0.74173	0.999955	643	1	-0.3603
G0959	10	0.021293	0.081649	0.816485	100	4	0.08211	0.25148	0.38453	0.999955	196	2	0.08211
G0671	10	0.022009	0.083916	0.821268	101	3	-0.18827	0.59733	0.63796	0.999955	511	1	-0.18827
G0663	10	0.022274	0.084738	0.821268	102	3	-0.1206	0.8791	0.87952	0.999955	822	0	-0.1206
G0202	10	0.022702	0.086203	0.821268	103	5	-0.40067	0.67187	0.68734	0.999955	582	1	-0.40067
G0161	10	0.022715	0.086243	0.821268	104	6	-0.44229	0.583	0.62992	0.999955	500	1	-0.44229
G0334	10	0.022892	0.086827	0.821268	105	4	-0.21749	0.57888	0.62766	0.999955	495	1	-0.21749
G0585	10	0.022974	0.087054	0.821268	106	4	-0.44344	0.99774	0.99761	0.999955	988	0	-0.44344
G0508	10	0.023972	0.090074	0.83441	107	3	-0.099261	0.23442	0.36799	0.999955	178	2	-0.099261
G0595	10	0.024232	0.090787	0.83441	108	3	-0.22687	0.9081	0.9076	0.999955	848	0	-0.22687
G0233	10	0.024481	0.091589	0.83441	109	6	-0.44715	0.98968	0.99005	0.999955	975	0	-0.44715
G0220	10	0.025209	0.094094	0.83441	110	3	-0.06738	0.50842	0.5897	0.999955	447	1	-0.06738
G0679	10	0.025508	0.095114	0.83441	111	5	-0.33351	0.58436	0.6307	0.999955	502	1	-0.33351
G0920	10	0.025643	0.09553	0.83441	112	5	-0.32295	0.65383	0.67508	0.999955	567	1	-0.32295
G0450	10	0.025809	0.096035	0.83441	113	4	-0.18569	0.98722	0.98792	0.999955	969	0	-0.18569
G0780	10	0.025811	0.096035	0.83441	114	5	-0.41507	0.91475	0.91436	0.999955	856	0	-0.41507
G0651	10	0.026186	0.097124	0.83441	115	2	0.0037869	0.7226	0.72588	0.999955	622	1	0.0037869
G0360	10	0.026195	0.097124	0.83441	116	4	-0.05248	0.6429	0.66751	0.999955	559	1	-0.05248
G0749	10	0.026519	0.097916	0.83441	117	3	-0.22227	0.85314	0.85239	0.999955	793	0	-0.22227
G0123	10	0.026763	0.09846	0.83441	118	4	0.017588	0.67949	0.69267	0.999955	588	1	0.017588
G0214	10	0.027706	0.10088	0.836879	119	5	-0.31235	0.75286	0.75295	0.999955	658	1	-0.31235
G0505	10	0.027722	0.10092	0.836879	120	3	-0.13924	0.35262	0.48652	0.999955	303	1	-0.13924
G0601	10	0.027824	0.10126	0.836879	121	5	-0.45942	0.95941	0.95961	0.999955	931	0	-0.45942
G0306	10	0.028137	0.1022	0.837729	122	3	-0.039209	0.61293	0.64799	0.999955	527	1	-0.039209
G0465	10	0.029111	0.10473	0.841398	123	4	-0.32364	0.84268	0.84187	0.999955	778	0	-0.32364
G0765	10	0.029265	0.10511	0.841398	124	5	-0.43788	0.73436	0.73607	0.999955	636	1	-0.43788
G0209	10	0.029578	0.10594	0.841398	125	5	-0.40321	0.98753	0.98823	0.999955	972	0	-0.40321
G0149	10	0.029905	0.10662	0.841398	126	4	-0.24641	0.96595	0.96596	0.999955	940	0	-0.24641
G0329	10	0.030085	0.107	0.841398	127	3	0.032394	0.046154	0.11801	0.999955	76	3	0.032394
G0500	10	0.030708	0.10853	0.841398	128	4	-0.17721	0.77572	0.77521	0.999955	682	0	-0.17721
G0367	10	0.031088	0.10958	0.841398	129	3	-0.20912	0.45127	0.56368	0.999955	411	1	-0.20912
G0729	10	0.031291	0.11009	0.841398	130	5	-0.13022	0.86196	0.86171	0.999955	808	0	-0.13022
G0304	10	0.031505	0.11047	0.841398	131	4	-0.17617	0.24529	0.37851	0.999955	188	1	-0.17617
G0609	10	0.032029	0.11168	0.841398	132	3	-0.047061	0.48963	0.58092	0.999955	432	1	-0.047061
G0014	10	0.032152	0.11191	0.841398	133	4	0.13189	0.13388	0.26146	0.999955	125	3	0.13189
G0343	10	0.032999	0.11385	0.841982	134	3	0.051267	0.94236	0.94255	0.999955	898	0	0.051267
G0593	10	0.033055	0.114	0.841982	135	3	-0.11366	0.38056	0.51586	0.999955	341	2	-0.11366
G0548	10	0.033492	0.11511	0.841982	136	5	-0.26429	0.85735	0.85721	0.999955	802	0	-0.26429
G0382	10	0.033626	0.11535	0.841982	137	5	-0.3803	0.78767	0.7872	0.999955	704	0	-0.3803
G0305	10	0.034459	0.11742	0.846962	138	5	-0.29838	0.76263	0.76237	0.999955	666	1	-0.29838
G0580	10	0.034612	0.11773	0.846962	139	2	-0.034147	0.21425	0.3476	0.999955	166	2	-0.034147
G0800	10	0.035426	0.11947	0.849133	140	5	-0.33996	0.81539	0.81496	0.999955	740	0	-0.33996
G0106	10	0.035533	0.11973	0.849133	141	4	-0.13547	0.012245	0.040441	0.709484	57	4	-0.13547
G0108	10	0.035906	0.12064	0.849568	142	4	-0.1787	0.83315	0.83209	0.999955	766	0	-0.1787
G0999	10	0.036541	0.12218	0.854428	143	2	0.14286	0.59379	0.63588	0.999955	508	1	0.14286
G0615	10	0.037093	0.12335	0.856143	144	4	-0.22623	0.93456	0.93465	0.999955	881	0	-0.22623
G0126	10	0.03784	0.1252	0.856143	145	4	-0.095138	0.76345	0.76332	0.999955	668	1	-0.095138
G0646	10	0.038117	0.12589	0.856143	146	5	-0.39269	0.86078	0.86056	0.999955	806	0	-0.39269
G0065	10	0.038444	0.12667	0.856143	147	5	-0.35665	0.22407	0.35735	0.999955	174	1	-0.35665
G0481	10	0.038738	0.12735	0.856143	148	4	0.063229	0.87283	0.87293	0.999955	821	0	0.063229
G0802	10	0.039118	0.12828	0.856143	149	4	-0.17645	0.25685	0.38982	0.999955	202	1	-0.17645
G0574	10	0.039624	0.1296	0.856143	150	4	-0.18623	0.3772	0.51269	0.999955	337	1	-0.18623
G0309	10	0.039749	0.12987	0.856143	151	5	-0.21871	0.2913	0.42487	0.999955	234	2	-0.21871
G0240	10	0.039883	0.13013	0.856143	152	3	-0.13744	0.73917	0.7403	0.999955	640	1	-0.13744
G0842	10	0.040523	0.13173	0.860966	153	3	-0.18771	0.62427	0.65484	0.999955	538	1	-0.18771
G0726	10	0.041696	0.1347	0.865706	154	4	-0.083179	0.1877	0.32159	0.999955	154	2	-0.083179
G0551	10	0.041816	0.13493	0.865706	155	5	-0.32781	0.9664	0.9663	0.999955	943	0	-0.32781
G0347	10	0.042116	0.13575	0.865706	156	4	-0.060224	0.30299	0.43716	0.999955	248	2	-0.060224
G0589	10	0.042193	0.13592	0.865706	157	5	-0.41389	0.70874	0.71458	0.999955	612	1	-0.41389
G0760	10	0.042658	0.13697	0.866869	158	5	-0.26216	0.50098	0.5861	0.999955	440	1	-0.26216
G0641	10	0.043619	0.13924	0.868238	159	2	0.023611	0.44306	0.56003	0.999955	402	1	0.023611
G0827	10	0.043829	0.13973	0.868238	160	4	-0.15416	0.62675	0.65671	0.999955	541	1	-0.15416
G0764	10	0.04405	0.14037	0.868238	161	4	-0.12168	0.8402	0.83926	0.999955	774	0	-0.12168
G0645	10	0.0442	0.14073	0.868238	162	3	-0.11642	0.18401	0.31826	0.999955	150	2	-0.11642
G0690	10	0.04458	0.14154	0.868238	163	2	-0.15731	0.90185	0.90157	0.999955	842	0	-0.15731
G0518	10	0.044915	0.14239	0.868238	164	3	-0.24551	0.79595	0.79534	0.999955	712	0	-0.24551
G0361	10	0.045611	0.14409	0.872078	165	5	-0.31968	0.36535	0.50026	0.999955	320	2	-0.31968
G0607	10	0.046247	0.14561	0.872078	166	5	-0.22986	0.57473	0.62538	0.999955	489	1	-0.22986
G0623	10	0.046497	0.14612	0.872078	167	2	0.023798	0.81052	0.80992	0.999955	733	0	0.023798
G0039	10	0.046711	0.14658	0.872078	168	3	0.41763	0.023503	0.069193	0.999955	64	4	0.41763
G0084	10	0.047082	0.14738	0.872078	169	5	-0.43103	0.38176	0.51704	0.999955	344	1	-0.43103
G0787	10	0.047455	0.14827	0.87219	170	2	0.20128	0.79619	0.79568	0.999955	713	0	0.20128
G0356	10	0.049368	0.1531	0.892787	171	2	0.081224	0.70309	0.71021	0.999955	607	1	0.081224
G0590	10	0.049571	0.15356	0.892787	172	5	-0.47403	0.93726	0.93746	0.999955	888	0	-0.47403
G0511	10	0.051437	0.1578	0.899794	173	3	-0.33963	0.29714	0.43102	0.999955	242	2	-0.33963
G0364	10	0.051584	0.1581	0.899794	174	4	-0.24354	0.7778	0.77743	0.999955	686	0	-0.24354
G0042	10	0.051878	0.15894	0.899794	175	3	0.05477	0.35394	0.4882	0.999955	305	2	0.05477
G0096	10	0.051972	0.15918	0.899794	176	4	-0.15709	0.61885	0.65155	0.999955	534	1	-0.15709
G0159	10	0.052081	0.15942	0.899794	177	4	-0.18233	0.89161	0.89177	0.999955	836	0	-0.18233
G0603	10	0.052422	0.16016	0.899794	178	4	-0.30695	0.8285	0.82742	0.999955	757	0	-0.30695
G0514	10	0.053173	0.16179	0.900963	179	2	-0.085813	0.37749	0.51298	0.999955	338	2	-0.085813
G0927	10	0.053424	0.16234	0.900963	180	2	-0.15102	0.72668	0.7293	0.999955	626	1	-0.15102
G0557	10	0.053676	0.16307	0.900963	181	2	0.15655	0.45995	0.56774	0.999955	415	1	0.15655
G0659	10	0.054134	0.16423	0.902377	182	2	-0.16754	0.85491	0.85423	0.999955	796	0	-0.16754
G0493	10	0.055085	0.16634	0.90897	183	2	0.19937	0.0091683	0.032351	0.645526	50	4	0.19937
G0049	10	0.056218	0.16862	0.910818	184	3	-0.026615	0.65268	0.67435	0.999955	566	1	-0.026615
G0791	10	0.056984	0.1703	0.910818	185	5	-0.23925	0.22883	0.36233	0.999955	175	1	-0.23925
G0085	10	0.057504	0.17163	0.910818	186	4	-0.22098	0.6488	0.67162	0.999955	563	1	-0.22098
G0875	10	0.057928	0.17252	0.910818	187	5	-0.27288	0.73857	0.73975	0.999955	639	1	-0.27288
G0710	10	0.057932	0.17252	0.910818	188	3	-0.10129	0.82645	0.82587	0.999955	751	0	-0.10129
G0403	10	0.058423	0.17351	0.910818	189	3	-0.42858	0.99063	0.99095	0.999955	977	0	-0.42858
G0145	10	0.058606	0.174	0.910818	190	5	-0.30405	0.99421	0.99463	0.999955	982	0	-0.30405
G0485	10	0.059065	0.17523	0.910818	191	3	-0.29712	0.95787	0.95806	0.999955	926	0	-0.29712
G0545	10	0.059527	0.17636	0.910818	192	3	-0.22888	0.51887	0.59487	0.999955	452	1	-0.22888
G0892	10	0.059826	0.17699	0.910818	193	2	-0.068384	0.26991	0.40309	0.999955	214	2	-0.068384
G0937	10	0.060003	0.1774	0.910818	194	5	-0.36276	0.72761	0.73003	0.999955	627	1	-0.36276
G0399	10	0.060871	0.1795	0.910818	195	5	-0.37188	0.35898	0.49345	0.999955	312	2	-0.37188
G0563	10	0.060961	0.17974	0.910818	196	3	-0.34496	0.35733	0.49189	0.999955	310	1	-0.34496
G0583	10	0.061418	0.18084	0.910818	197	5	-0.4055	0.3173	0.45097	0.999955	262	1	-0.4055
G0036	10	0.061443	0.18089	0.910818	198	4	-0.052005	0.11917	0.23725	0.999955	115	3	-0.052005
G0752	10	0.061716	0.18165	0.910818	199	3	-0.26123	0.97029	0.97029	0.999955	950	0	-0.26123
G0755	10	0.062576	0.18362	0.910818	200	3	-0.043003	0.39625	0.53243	0.999955	366	2	-0.043003
G0402	10	0.062682	0.18382	0.910818	201	5	-0.45139	0.37403	0.50928	0.999955	335	2	-0.45139
G0877	10	0.063064	0.18461	0.910818	202	3	-0.031246	0.80278	0.80218	0.999955	720	0	-0.031246
G0820	10	0.063567	0.18573	0.910818	203	2	-0.0531	0.28618	0.41953	0.999955	231	1	-0.0531
G0325	10	0.063603	0.18581	0.910818	204	2	-0.021616	0.29948	0.43364	0.999955	245	2	-0.021616
G0586	10	0.064114	0.18693	0.911833	205	5	-0.40301	0.44129	0.55936	0.999955	400	1	-0.40301
G0462	10	0.064541	0.18792	0.912213	206	4	-0.15489	0.94904	0.94919	0.999955	912	0	-0.15489
G0221	10	0.065486	0.19015	0.916735	207	1	0.12944	0.40463	0.54127	0.999955	378	2	0.12944
G0605	10	0.065869	0.19116	0.916735	208	3	-0.011299	0.65537	0.67602	0.999955	570	1	-0.011299
G0257	10	0.066408	0.19244	0.916735	209	5	-0.26183	0.27652	0.40996	0.999955	221	1	-0.26183
G0447	10	0.066873	0.19352	0.916735	210	3	-0.025378	0.39511	0.53117	0.999955	365	2	-0.025378
G0486	10	0.067148	0.19425	0.916735	211	5	-0.32178	0.33298	0.4661	0.999955	278	2	-0.32178
G0121	10	0.067366	0.19472	0.916735	212	3	-0.058343	0.35549	0.48974	0.999955	308	2	-0.058343
G0895	10	0.068305	0.19656	0.916735	213	3	-0.077855	0.56158	0.61835	0.999955	477	1	-0.077855
G0243	10	0.068565	0.19724	0.916735	214	4	-0.3087	0.27202	0.40523	0.999955	216	1	-0.3087
G0537	10	0.06886	0.19773	0.916735	215	5	-0.25872	0.6288	0.6582	0.999955	544	1	-0.25872
G0998	10	0.069016	0.19801	0.916735	216	4	-0.35727	0.31117	0.44476	0.999955	255	2	-0.35727
G0234	10	0.07018	0.20049	0.923918	217	4	-0.2548	0.43474	0.55639	0.999955	397	1	-0.2548
G0020	10	0.070968	0.20234	0.925833	218	3	0.21044	0.10334	0.21141	0.999955	100	3	0.21044
G0455	10	0.071147	0.20276	0.925833	219	5	-0.3077	0.93978	0.93997	0.999955	893	0	-0.3077
G0470	10	0.071662	0.20375	0.926125	220	4	-0.19978	0.93718	0.93738	0.999955	887	0	-0.19978
G0029	10	0.073273	0.20717	0.937436	221	4	-0.17345	0.34103	0.4743	0.999955	290	1	-0.17345
G0656	10	0.073919	0.20853	0.938803	222	2	0.29807	0.009738	0.033757	0.645526	51	3	0.29807
G0117	10	0.07462	0.21032	0.938803	223	4	0.16038	0.12094	0.24006	0.999955	118	3	0.16038
G0063	10	0.075298	0.21166	0.938803	224	5	-0.28993	0.25404	0.38662	0.999955	200	2	-0.28993
G0978	10	0.0761	0.21322	0.938803	225	5	-0.35798	0.97354	0.97379	0.999955	953	0	-0.35798
G0515	10	0.076445	0.21393	0.938803	226	5	-0.1292	0.58163	0.62923	0.999955	499	1	-0.1292
G0424	10	0.076623	0.21437	0.938803	227	3	-0.10684	0.67913	0.69245	0.999955	587	1	-0.10684
G0199	10	0.077198	0.21559	0.938803	228	3	-0.12202	0.752	0.75211	0.999955	657	1	-0.12202
G0410	10	0.078302	0.21803	0.938803	229	5	-0.18048	0.88735	0.88765	0.999955	832	0	-0.18048
G0685	10	0.078575	0.21863	0.938803	230	1	0.05901	0.35059	0.48422	0.999955	301	1	0.05901
G0205	10	0.078654	0.21873	0.938803	231	5	-0.29683	0.8499	0.84922	0.999955	788	0	-0.29683
G0711	10	0.078787	0.21898	0.938803	232	4	-0.23118	0.368	0.50333	0.999955	328	1	-0.23118
G0949	10	0.07893	0.21927	0.938803	233	3	-0.035864	0.68093	0.69362	0.999955	592	1	-0.035864
G0157	10	0.079335	0.22019	0.938803	234	3	-0.095271	0.20934	0.34273	0.999955	164	2	-0.095271
G0389	10	0.079504	0.22062	0.938803	235	2	0.022872	0.92015	0.91965	0.999955	865	0	0.022872
G0071	10	0.08126	0.22464	0.948852	236	2	-0.087023	0.29645	0.43034	0.999955	240	2	-0.087023
G0907	10	0.081981	0.2261	0.948852	237	5	-0.34443	0.96779	0.96761	0.999955	946	0	-0.34443
G0934	10	0.082474	0.22717	0.948852	238	4	-0.2433	0.3424	0.47558	0.999955	292	1	-0.2433
G0238	10	0.083068	0.22856	0.948852	239	5	-0.32721	0.65422	0.67536	0.999955	568	1	-0.32721
G0322	10	0.083909	0.23029	0.948852	240	4	-0.27052	0.94395	0.94413	0.999955	904	0	-0.27052
G0426	10	0.08392	0.2303	0.948852	241	5	-0.34948	0.38325	0.51867	0.999955	347	2	-0.34948
G0684	10	0.084134	0.23071	0.948852	242	1	-0.0094486	0.85631	0.85606	0.999955	798	0	-0.0094486
G0883	10	0.084159	0.23075	0.948852	243	3	-0.33618	0.97694	0.97744	0.999955	957	0	-0.33618
G0546	10	0.084536	0.23152	0.948852	244	3	-0.12217	0.39398	0.52971	0.999955	363	1	-0.12217
G0757	10	0.086509	0.23575	0.959951	245	5	-0.1951	0.158	0.29325	0.999955	139	1	-0.1951
G0370	10	0.087823	0.23848	0.959951	246	2	-0.085805	0.23864	0.37189	0.999955	182	2	-0.085805
G0535	10	0.088135	0.23907	0.959951	247	5	-0.39188	0.43593	0.55681	0.999955	398	1	-0.39188
G0625	10	0.088513	0.24007	0.959951	248	5	-0.34229	0.70141	0.70904	0.999955	605	1	-0.34229
G0680	10	0.088743	0.24053	0.959951	249	4	-0.090792	0.25945	0.39244	0.999955	203	2	-0.090792
G0630	10	0.089119	0.24135	0.959951	250	3	0.35768	0.0030313	0.012639	0.268907	47	5	0.35768
G0211	10	0.089662	0.24245	0.959951	251	3	-0.027073	0.77805	0.77775	0.999955	687	0	-0.027073
G0250	10	0.090364	0.244	0.959951	252	4	-0.36229	0.52351	0.59727	0.999955	455	1	-0.36229
G0405	10	0.090802	0.24473	0.959951	253	5	-0.30566	0.15438	0.29003	0.999955	137	2	-0.30566
G0438	10	0.09093	0.24504	0.959951	254	5	-0.35969	0.83474	0.83383	0.999955	768	0	-0.35969
G0610	10	0.090969	0.24513	0.959951	255	4	-0.18129	0.62386	0.65454	0.999955	537	1	-0.18129
G0940	10	0.091258	0.24575	0.959951	256	4	-0.34636	0.8628	0.86258	0.999955	809	0	-0.34636
G0272	10	0.092941	0.24945	0.970624	257	3	-0.038847	0.26332	0.39626	0.999955	208	2	-0.038847
G0522	10	0.094476	0.25282	0.974676	258	2	-0.058732	0.10815	0.21929	0.999955	106	3	-0.058732
G0512	10	0.094565	0.25299	0.974676	259	5	-0.39024	0.4263	0.55282	0.999955	392	1	-0.39024
G0490	10	0.095106	0.2542	0.974676	260	4	-0.12974	0.3139	0.4476	0.999955	259	2	-0.12974
G0435	10	0.095487	0.25497	0.974676	261	5	-0.13193	0.89717	0.89706	0.999955	840	0	-0.13193
G0634	10	0.097881	0.25868	0.974676	262	4	-0.35049	0.93609	0.93641	0.999955	886	0	-0.35049
G0640	10	0.098424	0.25955	0.974676	263	3	0.039345	0.14073	0.27226	0.999955	130	2	0.039345
G0621	10	0.09871	0.25991	0.974676	264	4	-0.12201	0.66032	0.67926	0.999955	573	1	-0.12201
G0394	10	0.099643	0.26127	0.974676	265	4	-0.35228	0.97837	0.97888	0.999955	958	0	-0.35228
G0790	10	0.099846	0.26156	0.974676	266	4	-0.18482	0.99211	0.99235	0.999955	978	0	-0.18482
G0301	10	0.10005	0.26192	0.974676	267	3	-0.05216	0.44777	0.5622	0.999955	408	1	-0.05216
G0473	10	0.1003	0.26236	0.974676	268	4	-0.46322	0.94876	0.94888	0.999955	911	0	-0.46322
G0340	10	0.10066	0.26299	0.974676	269	3	0.091831	0.099846	0.20573	0.999955	96	3	0.091831
G0527	10	0.10227	0.26556	0.974676	270	3	-0.32459	0.96846	0.96851	0.999955	947	0	-0.32459
G0400	10	0.10245	0.2658	0.974676	271	4	-0.35869	0.99678	0.99684	0.999955	986	0	-0.35869
G0516	10	0.10287	0.26643	0.974676	272	4	-0.055606	0.12836	0.25238	0.999955	123	3	-0.055606
G0904	10	0.1029	0.26645	0.974676	273	2	0.071237	0.87142	0.87149	0.999955	818	0	0.071237
G0256	10	0.10385	0.26796	0.974676	274	4	-0.37214	0.93742	0.9376	0.999955	889	0	-0.37214
G0124	10	0.10479	0.26942	0.974676	275	3	0.379	0.28079	0.41415	0.999955	228	2	0.379
G0417	10	0.10515	0.26995	0.974676	276	4	0.044243	0.5121	0.59148	0.999955	450	1	0.044243
G0962	10	0.10516	0.26999	0.974676	277	3	-0.17069	0.68021	0.6932	0.999955	590	1	-0.17069
G0254	10	0.10679	0.27231	0.979539	278	4	-0.028431	0.2804	0.41372	0.999955	227	2	-0.028431
G0865	10	0.10878	0.27543	0.987207	279	2	0.087106	0.50258	0.58691	0.999955	441	1	0.087106
G0996	10	0.10961	0.27668	0.988136	280	4	-0.18879	0.83573	0.83489	0.999955	769	0	-0.18879
G0116	10	0.11058	0.27817	0.989879	281	1	0.1066	0.29675	0.43066	0.999955	241	2	0.1066
G0916	10	0.11283	0.28171	0.989879	282	4	-0.037699	0.46567	0.57032	0.999955	420	1	-0.037699
G0578	10	0.11285	0.28175	0.989879	283	4	-0.28583	0.85683	0.85664	0.999955	800	0	-0.28583
G0614	10	0.11327	0.28246	0.989879	284	3	-0.10321	0.81186	0.81119	0.999955	735	0	-0.10321
G0115	10	0.11507	0.28511	0.989879	285	1	0.26247	0.33998	0.47306	0.999955	288	2	0.26247
G0881	10	0.11539	0.28553	0.989879	286	4	-0.092254	0.68941	0.69963	0.999955	598	1	-0.092254
G0696	10	0.11545	0.28563	0.989879	287	4	-0.30216	0.96018	0.96024	0.999955	933	0	-0.30216
G0876	10	0.11675	0.28753	0.989879	288	3	-0.23149	0.96169	0.96175	0.999955	935	0	-0.23149
G0391	10	0.11686	0.28766	0.989879	289	2	-0.16979	0.66108	0.6799	0.999955	574	1	-0.16979
G0902	10	0.11694	0.2878	0.989879	290	4	-0.076618	0.88292	0.88344	0.999955	827	0	-0.076618
G0745	10	0.11742	0.28845	0.989879	291	3	-0.10305	0.57008	0.62271	0.999955	483	1	-0.10305
G0363	10	0.11775	0.28904	0.989879	292	4	-0.15824	0.84605	0.84523	0.999955	784	0	-0.15824
G0740	10	0.11841	0.29017	0.990352	293	3	-0.044865	0.24555	0.37871	0.999955	189	2	-0.044865
G0260	10	0.11954	0.29205	0.993383	294	1	0.10646	0.40539	0.54217	0.999955	380	2	0.10646
G0080	10	0.12205	0.29587	0.999995	295	3	-0.28302	0.85856	0.85834	0.999955	804	0	-0.28302
G0100	10	0.12291	0.29732	0.999995	296	4	-0.30867	0.09165	0.19321	0.999955	89	3	-0.30867
G0446	10	0.12339	0.29814	0.999995	297	4	-0.23167	0.68695	0.69801	0.999955	595	1	-0.23167
G0732	10	0.12362	0.29849	0.999995	298	4	-0.22166	0.2348	0.36832	0.999955	179	2	-0.22166
G0750	10	0.12631	0.30279	0.999995	299	4	-0.29211	0.98295	0.98343	0.999955	965	0	-0.29211
G0246	10	0.12723	0.30428	0.999995	300	4	-0.22095	0.91881	0.91806	0.999955	863	0	-0.22095
G0822	10	0.12841	0.306	0.999995	301	2	-0.16663	0.37786	0.51335	0.999955	339	1	-0.16663
G0565	10	0.12848	0.30612	0.999995	302	4	-0.19804	0.096208	0.20033	0.999955	93	3	-0.19804
G0143	10	0.1291	0.30715	0.999995	303	3	0.032629	0.18327	0.31753	0.999955	148	2	0.032629
G0111	10	0.1293	0.30744	0.999995	304	3	-0.010911	0.74711	0.74768	0.999955	649	1	-0.010911
G0183	10	0.13111	0.31031	0.999995	305	4	-0.27838	0.84437	0.84349	0.999955	780	0	-0.27838
G0891	10	0.13177	0.31125	0.999995	306	4	-0.15444	0.7248	0.72771	0.999955	624	1	-0.15444
G0936	10	0.13282	0.31283	0.999995	307	3	-0.19594	0.99865	0.99854	0.999955	990	0	-0.19594
G0683	10	0.13341	0.31382	0.999995	308	4	-0.16739	0.23366	0.3671	0.999955	177	2	-0.16739
G0763	10	0.13623	0.31798	0.999995	309	4	-0.32507	0.35162	0.48539	0.999955	302	2	-0.32507
G0681	10	0.13625	0.31799	0.999995	310	4	-0.33651	0.33959	0.47269	0.999955	287	2	-0.33651
G0167	10	0.13633	0.31809	0.999995	311	2	-0.030848	0.27884	0.41217	0.999955	224	2	-0.030848
G0229	10	0.13792	0.32047	0.999995	312	4	-0.081989	0.94205	0.94231	0.999955	897	0	-0.081989
G0378	10	0.13809	0.32068	0.999995	313	2	-0.044796	0.093421	0.19596	0.999955	90	3	-0.044796
G0844	10	0.13961	0.3231	0.999995	314	4	-0.18327	0.81864	0.81813	0.999955	745	0	-0.18327
G0393	10	0.14038	0.32422	0.999995	315	3	-0.2911	0.85839	0.8581	0.999955	803	0	-0.2911
G0026	10	0.14056	0.32449	0.999995	316	4	-0.25536	0.33065	0.46374	0.999955	274	1	-0.25536
G0158	10	0.14071	0.32472	0.999995	317	1	-0.12505	0.34377	0.47691	0.999955	294	1	-0.12505
G0146	10	0.1428	0.32782	0.999995	318	3	-0.037125	0.33621	0.46901	0.999955	283	1	-0.037125
G0626	10	0.14362	0.32903	0.999995	319	4	-0.081389	0.3667	0.50173	0.999955	325	2	-0.081389
G0550	10	0.14506	0.33125	0.999995	320	3	0.1179	0.4122	0.54704	0.999955	386	1	0.1179
G0686	10	0.14567	0.33204	0.999995	321	3	-0.16936	0.96616	0.96616	0.999955	941	0	-0.16936
G0581	10	0.14591	0.33246	0.999995	322	3	0.10652	0.74449	0.7453	0.999955	646	1	0.10652
G0644	10	0.14594	0.33255	0.999995	323	2	0.2609	0.59067	0.63406	0.999955	507	1	0.2609
G0375	10	0.14639	0.3331	0.999995	324	3	-0.20169	0.98118	0.98193	0.999955	962	0	-0.20169
G0759	10	0.14766	0.33507	0.999995	325	3	-0.14319	0.44365	0.56037	0.999955	403	1	-0.14319
G0777	10	0.14839	0.3362	0.999995	326	4	-0.26457	0.94159	0.94176	0.999955	896	0	-0.26457
G0188	10	0.14853	0.33642	0.999995	327	2	0.027697	0.63772	0.66386	0.999955	553	1	0.027697
G0830	10	0.14909	0.33729	0.999995	328	3	-0.11391	0.6915	0.70118	0.999955	601	1	-0.11391
G0922	10	0.14939	0.33773	0.999995	329	2	0.14446	0.36554	0.50041	0.999955	321	2	0.14446
G0806	10	0.14944	0.33781	0.999995	330	4	-0.15043	0.76372	0.76361	0.999955	669	1	-0.15043
G0392	10	0.14963	0.33811	0.999995	331	4	0.035007	0.64996	0.67244	0.999955	564	1	0.035007
G0452	10	0.15155	0.34096	0.999995	332	2	0.10451	0.24479	0.37802	0.999955	187	2	0.10451
G0488	10	0.15191	0.34139	0.999995	333	3	-0.2396	0.95112	0.95131	0.999955	916	0	-0.2396
G0428	10	0.15456	0.34568	0.999995	334	1	0.02464	0.56726	0.62131	0.999955	481	1	0.02464
G0608	10	0.15542	0.3468	0.999995	335	1	0.056889	0.81929	0.81887	0.999955	746	0	0.056889
G0789	10	0.15651	0.3484	0.999995	336	3	0.042956	0.2839	0.4171	0.999955	230	2	0.042956
G0235	10	0.15712	0.3494	0.999995	337	3	-0.34849	0.42021	0.55025	0.999955	388	1	-0.34849
G0342	10	0.15736	0.34968	0.999995	338	4	-0.10899	0.77152	0.77106	0.999955	678	1	-0.10899
G0722	10	0.15777	0.35025	0.999995	339	4	0.026413	0.27801	0.4114	0.999955	223	1	0.026413
G0219	10	0.158	0.35058	0.999995	340	3	0.079906	0.82891	0.82788	0.999955	758	0	0.079906
G0357	10	0.15835	0.35115	0.999995	341	3	0.038846	0.84475	0.84386	0.999955	782	0	0.038846
G0813	10	0.1586	0.35152	0.999995	342	3	-0.11885	0.36825	0.5036	0.999955	329	2	-0.11885
G0232	10	0.15885	0.35186	0.999995	343	3	-0.045798	0.81363	0.81323	0.999955	737	0	-0.045798
G0127	10	0.1591	0.35229	0.999995	344	3	-0.16904	0.98222	0.98274	0.999955	963	0	-0.16904
G0744	10	0.16142	0.35583	0.999995	345	4	-0.38351	0.94513	0.94535	0.999955	905	0	-0.38351
G0091	10	0.16186	0.35641	0.999995	346	3	-0.095423	0.4956	0.58373	0.999955	436	1	-0.095423
G0469	10	0.16201	0.35668	0.999995	347	4	-0.1893	0.78742	0.78701	0.999955	703	0	-0.1893
G0929	10	0.16397	0.35954	0.999995	348	2	-0.14433	0.78037	0.78005	0.999955	690	0	-0.14433
G0239	10	0.16509	0.36125	0.999995	349	3	-0.084827	0.52963	0.60057	0.999955	459	1	-0.084827
G0427	10	0.16652	0.36315	0.999995	350	4	-0.10191	0.49668	0.5843	0.999955	437	1	-0.10191
G0372	10	0.16712	0.36412	0.999995	351	3	-0.076335	0.96715	0.96696	0.999955	945	0	-0.076335
G0299	10	0.16905	0.36685	0.999995	352	3	-0.28019	0.75428	0.75435	0.999955	659	1	-0.28019
G0484	10	0.17014	0.36821	0.999995	353	2	0.1412	0.70973	0.71539	0.999955	614	1	0.1412
G0797	10	0.1717	0.37029	0.999995	354	4	-0.20194	0.63085	0.65953	0.999955	545	1	-0.20194
G0807	10	0.17191	0.37056	0.999995	355	4	-0.032353	0.59953	0.63927	0.999955	513	1	-0.032353
G0855	10	0.17317	0.37236	0.999995	356	4	-0.0081571	0.82809	0.82711	0.999955	756	0	-0.0081571
G0432	10	0.17329	0.37251	0.999995	357	3	-0.21134	0.92338	0.92325	0.999955	871	0	-0.21134
G0266	10	0.17413	0.37388	0.999995	358	3	0.08073	0.79523	0.7946	0.999955	711	0	0.08073
G0076	10	0.17443	0.37434	0.999995	359	4	-0.1187	0.12139	0.24072	0.999955	119	2	-0.1187
G0974	10	0.17485	0.37502	0.999995	360	4	0.090531	0.8094	0.80882	0.999955	730	0	0.090531
G0279	10	0.17497	0.37515	0.999995	361	2	0.24792	0.048259	0.12173	0.999955	78	3	0.24792
G0756	10	0.17506	0.37534	0.999995	362	4	-0.1328	0.62136	0.65305	0.999955	535	1	-0.1328
G0437	10	0.17581	0.37653	0.999995	363	3	0.096748	0.40044	0.53719	0.999955	372	2	0.096748
G0742	10	0.17657	0.3777	0.999995	364	3	-0.13249	0.72039	0.72407	0.999955	620	1	-0.13249
G0313	10	0.17749	0.37908	0.999995	365	3	-0.22348	0.94849	0.94859	0.999955	910	0	-0.22348
G0582	10	0.17781	0.37957	0.999995	366	4	-0.38209	0.44188	0.55956	0.999955	401	1	-0.38209
G0811	10	0.17812	0.38007	0.999995	367	4	-0.2011	0.3837	0.51911	0.999955	349	1	-0.2011
G0222	10	0.17833	0.3804	0.999995	368	2	0.10772	0.36866	0.50421	0.999955	331	1	0.10772
G0411	10	0.17908	0.38155	0.999995	369	4	-0.19277	0.4611	0.56826	0.999955	416	1	-0.19277
G0300	10	0.18084	0.38405	0.999995	370	2	-0.041564	0.83175	0.8309	0.999955	761	0	-0.041564
G0688	10	0.18228	0.38613	0.999995	371	3	0.016334	0.30883	0.44236	0.999955	253	2	0.016334
G0291	10	0.18254	0.38657	0.999995	372	3	0.036832	0.046293	0.11826	0.999955	77	3	0.036832
G0970	10	0.1828	0.3869	0.999995	373	3	0.088542	0.77985	0.7796	0.999955	689	0	0.088542
G0200	10	0.18291	0.38712	0.999995	374	3	-0.10107	0.27768	0.41106	0.999955	222	2	-0.10107
G0808	10	0.18418	0.38893	0.999995	375	3	-0.13771	0.62468	0.65521	0.999955	539	1	-0.13771
G0099	10	0.18501	0.39025	0.999995	376	2	0.10502	0.94335	0.94346	0.999955	900	0	0.10502
G0033	10	0.18584	0.39136	0.999995	377	2	-0.12497	0.66855	0.68499	0.999955	577	1	-0.12497
G0501	10	0.18725	0.39323	0.999995	378	4	-0.45415	0.96143	0.96145	0.999955	934	0	-0.45415
G0981	10	0.18747	0.39355	0.999995	379	4	-0.021499	0.23557	0.36902	0.999955	180	2	-0.021499
G0767	10	0.18807	0.39433	0.999995	380	3	0.074192	0.79951	0.799	0.999955	714	0	0.074192
G0416	10	0.18833	0.3947	0.999995	381	2	0.017028	0.70476	0.71158	0.999955	609	1	0.017028
G0381	10	0.19139	0.39914	0.999995	382	4	-0.16175	0.10576	0.2153	0.999955	105	2	-0.16175
G0315	10	0.19214	0.40021	0.999995	383	2	0.31443	0.030676	0.086876	0.999955	67	3	0.31443
G0969	10	0.19251	0.40062	0.999995	384	2	-0.083799	0.78417	0.78386	0.999955	697	0	-0.083799
G0105	10	0.19361	0.40218	0.999995	385	3	-0.27254	0.91176	0.91134	0.999955	852	0	-0.27254
G0554	10	0.19415	0.40304	0.999995	386	3	-0.022218	0.088926	0.18851	0.999955	88	3	-0.022218
G0244	10	0.19441	0.40343	0.999995	387	3	0.093779	0.74391	0.74478	0.999955	644	1	0.093779
G0056	10	0.19576	0.40537	0.999995	388	3	-0.0088972	0.33415	0.46712	0.999955	279	2	-0.0088972
G0314	10	0.1958	0.40542	0.999995	389	4	-0.20066	0.010553	0.035827	0.663458	54	4	-0.20066
G0946	10	0.1966	0.40658	0.999995	390	3	-0.044202	0.4651	0.57012	0.999955	419	1	-0.044202
G0051	10	0.19682	0.40692	0.999995	391	3	-0.02361	0.81075	0.8101	0.999955	734	0	-0.02361
G0013	10	0.19735	0.40761	0.999995	392	3	-0.22695	0.54611	0.6094	0.999955	467	1	-0.22695
G0097	10	0.1974	0.40772	0.999995	393	2	0.19501	0.56111	0.61806	0.999955	476	1	0.19501
G0795	10	0.1989	0.40988	0.999995	394	4	-0.069164	0.6345	0.66187	0.999955	549	1	-0.069164
G0053	10	0.19977	0.41112	0.999995	395	3	-0.1865	0.844	0.84308	0.999955	779	0	-0.1865
G0637	10	0.19986	0.41119	0.999995	396	1	0.018739	0.85385	0.85316	0.999955	795	0	0.018739
G0906	10	0.2022	0.41467	0.999995	397	3	-0.29562	0.98029	0.98101	0.999955	960	0	-0.29562
G0237	10	0.20231	0.41482	0.999995	398	2	-0.081523	0.61336	0.64829	0.999955	528	1	-0.081523
G0716	10	0.20383	0.41695	0.999995	399	4	-0.22992	0.32247	0.45608	0.999955	267	2	-0.22992
G0561	10	0.20394	0.4171	0.999995	400	3	0.007763	0.35975	0.49428	0.999955	314	2	0.007763
G0896	10	0.20405	0.41727	0.999995	401	4	-0.4532	0.99967	0.99958	0.999955	995	0	-0.4532
G0951	10	0.20409	0.41734	0.999995	402	3	-0.14151	0.54364	0.608	0.999955	466	1	-0.14151
G0249	10	0.20475	0.41813	0.999995	403	2	-0.1787	0.94637	0.9465	0.999955	906	0	-0.1787
G0786	10	0.20699	0.42135	0.999995	404	4	-0.25045	0.40501	0.54171	0.999955	379	2	-0.25045
G0448	10	0.20721	0.4216	0.999995	405	4	0.043924	0.35317	0.48722	0.999955	304	2	0.043924
G0217	10	0.20784	0.4226	0.999995	406	3	-0.22837	0.84192	0.84113	0.999955	777	0	-0.22837
G0252	10	0.20934	0.42465	0.999995	407	2	-0.036288	0.36601	0.50101	0.999955	322	1	-0.036288
G0010	10	0.20962	0.42497	0.999995	408	2	0.098538	0.81583	0.81534	0.999955	741	0	0.098538
G0418	10	0.21161	0.428	0.999995	409	2	-0.059169	0.85718	0.85698	0.999955	801	0	-0.059169
G0602	10	0.21366	0.43072	0.999995	410	1	0.071247	0.42448	0.55197	0.999955	391	1	0.071247
G0666	10	0.21392	0.43105	0.999995	411	4	-0.19842	0.49884	0.58513	0.999955	439	1	-0.19842
G0282	10	0.21543	0.43305	0.999995	412	4	-0.30256	0.9264	0.92614	0.999955	875	0	-0.30256
G0908	10	0.2169	0.43495	0.999995	413	3	-0.060375	0.39358	0.52933	0.999955	362	2	-0.060375
G0286	10	0.21912	0.43834	0.999995	414	4	-0.25801	0.91355	0.91307	0.999955	855	0	-0.25801
G0592	10	0.22111	0.44111	0.999995	415	3	-0.11109	0.38708	0.52259	0.999955	354	2	-0.11109
G0638	10	0.22168	0.44201	0.999995	416	3	0.40008	0.11961	0.23802	0.999955	116	3	0.40008
G0165	10	0.22238	0.44292	0.999995	417	4	-0.19414	0.48415	0.57828	0.999955	431	1	-0.19414
G0708	10	0.22331	0.4444	0.999995	418	4	-0.11274	0.72543	0.72813	0.999955	625	1	-0.11274
G0059	10	0.22354	0.44475	0.999995	419	4	-0.13489	0.91188	0.91146	0.999955	853	0	-0.13489
G0138	10	0.22407	0.44557	0.999995	420	3	-0.089562	0.22962	0.363	0.999955	176	1	-0.089562
G0928	10	0.22486	0.4468	0.999995	421	2	-0.02248	0.56253	0.61887	0.999955	478	1	-0.02248
G0429	10	0.22494	0.44692	0.999995	422	4	-0.041462	0.63932	0.66496	0.999955	554	1	-0.041462
G0882	10	0.22645	0.449	0.999995	423	2	-0.037948	0.023456	0.069084	0.999955	63	3	-0.037948
G0853	10	0.22696	0.44982	0.999995	424	3	-0.084004	0.77754	0.77712	0.999955	685	0	-0.084004
G0178	10	0.22705	0.44995	0.999995	425	4	-0.17477	0.94365	0.9438	0.999955	902	0	-0.17477
G0281	10	0.22752	0.45055	0.999995	426	4	-0.21344	0.82686	0.82613	0.999955	752	0	-0.21344
G0141	10	0.22752	0.45055	0.999995	427	3	-0.331	0.97261	0.97286	0.999955	952	0	-0.331
G0168	10	0.22792	0.45104	0.999995	428	2	0.01473	0.28691	0.42027	0.999955	232	2	0.01473
G0296	10	0.2294	0.45332	0.999995	429	4	-0.07647	0.731	0.73304	0.999955	630	1	-0.07647
G0190	10	0.22962	0.45361	0.999995	430	2	0.10647	0.30298	0.43715	0.999955	247	1	0.10647
G0134	10	0.22977	0.45385	0.999995	431	3	-0.18113	0.9187	0.918	0.999955	862	0	-0.18113
G0366	10	0.23035	0.4546	0.999995	432	4	-0.15085	0.52658	0.59893	0.999955	457	1	-0.15085
G0276	10	0.23106	0.45551	0.999995	433	4	-0.19816	0.8076	0.80718	0.999955	726	0	-0.19816
G0720	10	0.2312	0.45576	0.999995	434	3	-0.064	0.58117	0.62902	0.999955	498	1	-0.064
G0461	10	0.23136	0.45599	0.999995	435	3	-0.21027	0.73284	0.73468	0.999955	632	1	-0.21027
G0310	10	0.23173	0.45654	0.999995	436	3	-0.1416	0.83195	0.8311	0.999955	762	0	-0.1416
G0365	10	0.23248	0.45746	0.999995	437	4	-0.026703	0.52505	0.59816	0.999955	456	1	-0.026703
G0715	10	0.23251	0.45751	0.999995	438	3	-0.030098	0.53216	0.60204	0.999955	460	1	-0.030098
G0019	10	0.23314	0.45827	0.999995	439	4	-0.30772	0.4536	0.56484	0.999955	412	1	-0.30772
G0661	10	0.23435	0.46028	0.999995	440	3	-0.093076	0.91052	0.91008	0.999955	850	0	-0.093076
G0958	10	0.23514	0.46137	0.999995	441	2	-0.16955	0.33274	0.46593	0.999955	277	1	-0.16955
G0954	10	0.23532	0.46173	0.999995	442	4	-0.2471	0.56679	0.6211	0.999955	480	1	-0.2471
G0846	10	0.23557	0.46205	0.999995	443	3	0.036008	0.55099	0.61212	0.999955	469	1	0.036008
G0197	10	0.23699	0.46389	0.999995	444	4	-0.18753	0.99376	0.99424	0.999955	981	0	-0.18753
G0649	10	0.2371	0.464	0.999995	445	3	-0.16728	0.77231	0.77179	0.999955	680	0	-0.16728
G0384	10	0.23828	0.46574	0.999995	446	2	-0.20056	0.88749	0.88774	0.999955	833	0	-0.20056
G0018	10	0.23866	0.4662	0.999995	447	4	-0.21227	0.18659	0.32058	0.999955	152	2	-0.21227
G0948	10	0.24022	0.46824	0.999995	448	3	-0.14526	0.90344	0.90303	0.999955	843	0	-0.14526
G0083	10	0.24034	0.46848	0.999995	449	4	-0.1725	0.61801	0.65104	0.999955	532	1	-0.1725
G0997	10	0.24051	0.46871	0.999995	450	3	-0.12458	0.83904	0.83821	0.999955	771	0	-0.12458
G0738	10	0.24062	0.4689	0.999995	451	3	-0.098961	0.54315	0.60767	0.999955	465	1	-0.098961
G0524	10	0.24278	0.47179	0.999995	452	3	-0.14413	0.44483	0.56093	0.999955	405	1	-0.14413
G0544	10	0.24307	0.47214	0.999995	453	3	-0.0089729	0.7596	0.75943	0.999955	663	1	-0.0089729
G0002	10	0.24395	0.47327	0.999995	454	4	-0.24536	0.3322	0.46529	0.999955	276	2	-0.24536
G0504	10	0.24539	0.47522	0.999995	455	4	-0.50564	0.49776	0.58465	0.999955	438	1	-0.50564
G0849	10	0.24564	0.47558	0.999995	456	3	-0.014237	0.19066	0.32445	0.999955	157	2	-0.014237
G0538	10	0.24671	0.4771	0.999995	457	2	0.045292	0.43234	0.5554	0.999955	396	1	0.045292
G0843	10	0.24762	0.47845	0.999995	458	2	-0.054427	0.7659	0.76585	0.999955	672	1	-0.054427
G0712	10	0.2483	0.47934	0.999995	459	4	-0.22248	0.35532	0.48958	0.999955	307	1	-0.22248
G0911	10	0.24864	0.47989	0.999995	460	2	-0.047112	0.36709	0.50217	0.999955	326	2	-0.047112
G0871	10	0.24902	0.48043	0.999995	461	3	-0.14877	0.69323	0.70282	0.999955	603	1	-0.14877
G0456	10	0.25	0.48185	0.999995	462	4	-0.33413	0.81648	0.816	0.999955	742	0	-0.33413
G0345	10	0.25134	0.48365	0.999995	463	2	0.16603	0.40577	0.54255	0.999955	381	2	0.16603
G0955	10	0.25146	0.48387	0.999995	464	4	-0.33969	0.61717	0.6505	0.999955	530	1	-0.33969
G0705	10	0.25166	0.48408	0.999995	465	3	-0.15413	0.52811	0.59975	0.999955	458	1	-0.15413
G0643	10	0.25225	0.48484	0.999995	466	1	0.27728	0.34386	0.47699	0.999955	295	2	0.27728
G0292	10	0.2531	0.48583	0.999995	467	3	-0.36482	0.91776	0.91708	0.999955	861	0	-0.36482
G0449	10	0.25414	0.48712	0.999995	468	4	-0.28794	0.95086	0.95113	0.999955	915	0	-0.28794
G0498	10	0.25463	0.48773	0.999995	469	4	-0.34781	0.93601	0.9363	0.999955	885	0	-0.34781
G0691	10	0.2552	0.4886	0.999995	470	3	-0.1476	0.78316	0.78276	0.999955	696	0	-0.1476
G0359	10	0.25532	0.48878	0.999995	471	3	-0.11352	0.93881	0.93889	0.999955	890	0	-0.11352
G0971	10	0.25561	0.48919	0.999995	472	4	-0.085618	0.9671	0.96692	0.999955	944	0	-0.085618
G0204	10	0.25684	0.49075	0.999995	473	4	-0.32653	0.51053	0.59064	0.999955	448	1	-0.32653
G0150	10	0.25708	0.49111	0.999995	474	4	-0.13454	0.23984	0.373	0.999955	183	1	-0.13454
G0472	10	0.2583	0.49277	0.999995	475	3	-0.10744	0.77046	0.76995	0.999955	675	1	-0.10744
G0176	10	0.25915	0.49363	0.999995	476	2	-0.10565	0.55294	0.61322	0.999955	471	1	-0.10565
G0773	10	0.26033	0.49481	0.999995	477	3	-0.055557	0.56773	0.62153	0.999955	482	1	-0.055557
G0631	10	0.26067	0.49507	0.999995	478	3	0.027843	0.16905	0.30353	0.999955	143	2	0.027843
G0258	10	0.26091	0.49529	0.999995	479	3	0.082929	0.21728	0.35038	0.999955	170	2	0.082929
G0185	10	0.26143	0.49565	0.999995	480	2	-0.18199	0.37328	0.50867	0.999955	334	1	-0.18199
G0319	10	0.26149	0.49567	0.999995	481	3	-0.055539	0.24056	0.3737	0.999955	184	2	-0.055539
G0517	10	0.26236	0.49651	0.999995	482	3	-0.20923	0.95634	0.9566	0.999955	923	0	-0.20923
G0089	10	0.26372	0.49768	0.999995	483	2	-0.042684	0.95907	0.95934	0.999955	930	0	-0.042684
G0529	10	0.26528	0.49915	0.999995	484	3	0.25412	0.3694	0.50485	0.999955	333	2	0.25412
G0665	10	0.26875	0.50207	0.999995	485	3	-0.13164	0.39142	0.527	0.999955	360	1	-0.13164
G0859	10	0.27263	0.50558	0.999995	486	3	0.056806	0.54117	0.60667	0.999955	463	1	0.056806
G0151	10	0.27353	0.50654	0.999995	487	1	0.1501	0.036381	0.10022	0.999955	72	3	0.1501
G0425	10	0.27816	0.51076	0.999995	488	3	0.0164	0.27612	0.40967	0.999955	220	2	0.0164
G0376	10	0.27905	0.51147	0.999995	489	3	0.10874	0.83632	0.83547	0.999955	770	0	0.10874
G0992	10	0.28248	0.51476	0.999995	490	2	-0.011346	0.33204	0.46515	0.999955	275	1	-0.011346
G0162	10	0.28288	0.51504	0.999995	491	3	-0.060325	0.54953	0.6113	0.999955	468	1	-0.060325
G0587	10	0.2847	0.5167	0.999995	492	2	0.13257	0.71137	0.71667	0.999955	615	1	0.13257
G0856	10	0.28585	0.51765	0.999995	493	3	0.092182	0.10313	0.21106	0.999955	99	3	0.092182
G0564	10	0.28624	0.51793	0.999995	494	3	-0.036159	0.61037	0.64626	0.999955	525	1	-0.036159
G0412	10	0.2894	0.52086	0.999995	495	3	0.062832	0.82748	0.82664	0.999955	753	0	0.062832
G0492	10	0.29059	0.52193	0.999995	496	1	0.045316	0.84173	0.84096	0.999955	776	0	0.045316
G0092	10	0.29133	0.52257	0.999995	497	1	0.086089	0.32856	0.46184	0.999955	271	2	0.086089
G0588	10	0.29148	0.52273	0.999995	498	3	-0.066377	0.035774	0.098668	0.999955	70	3	-0.066377
G0697	10	0.29206	0.5232	0.999995	499	2	0.064149	0.18291	0.31712	0.999955	147	2	0.064149
G0103	10	0.29356	0.52455	0.999995	500	3	-0.18625	0.9349	0.93502	0.999955	883	0	-0.18625
G0226	10	0.29426	0.52516	0.999995	501	2	-0.097495	0.27263	0.40583	0.999955	217	2	-0.097495
G0401	10	0.29753	0.52817	0.999995	502	3	-0.046336	0.88029	0.88066	0.999955	823	0	-0.046336
G0338	10	0.29792	0.5285	0.999995	503	2	0.2126	0.58753	0.63238	0.999955	504	1	0.2126
G0762	10	0.29909	0.52964	0.999995	504	2	-0.04188	0.29206	0.42578	0.999955	236	1	-0.04188
G0655	10	0.30065	0.53106	0.999995	505	2	0.24461	0.10521	0.21451	0.999955	103	3	0.24461
G0227	10	0.30104	0.5314	0.999995	506	3	0.18063	0.26067	0.39375	0.999955	205	2	0.18063
G0140	10	0.30221	0.5326	0.999995	507	2	-0.10018	0.79475	0.79407	0.999955	709	0	-0.10018
G0187	10	0.3026	0.5329	0.999995	508	2	0.081167	0.51835	0.59467	0.999955	451	1	0.081167
G0107	10	0.30281	0.53306	0.999995	509	3	0.023974	0.42812	0.55344	0.999955	393	1	0.023974
G0055	10	0.30586	0.53545	0.999995	510	3	-0.1059	0.99423	0.99465	0.999955	983	0	-0.1059
G0453	10	0.30874	0.53791	0.999995	511	2	-0.16362	0.98456	0.9852	0.999955	967	0	-0.16362
G0332	10	0.3088	0.53795	0.999995	512	3	-0.074803	0.36863	0.50417	0.999955	330	2	-0.074803
G0782	10	0.30945	0.53861	0.999995	513	2	0.083951	0.31871	0.45223	0.999955	264	1	0.083951
G0241	10	0.31312	0.54181	0.999995	514	2	0.052858	0.75143	0.75162	0.999955	656	1	0.052858
G0558	10	0.31374	0.54244	0.999995	515	1	-0.071499	0.43054	0.5546	0.999955	395	1	-0.071499
G0639	10	0.31445	0.54298	0.999995	516	3	-0.27224	0.29792	0.43192	0.999955	244	2	-0.27224
G0966	10	0.31516	0.54369	0.999995	517	1	0.059719	0.5775	0.62687	0.999955	493	1	0.059719
G0194	10	0.31588	0.54426	0.999995	518	1	0.11553	0.57566	0.62587	0.999955	491	1	0.11553
G0471	10	0.31602	0.5444	0.999995	519	3	-0.17629	0.78791	0.78754	0.999955	705	0	-0.17629
G0553	10	0.3173	0.54558	0.999995	520	1	0.32284	0.39167	0.52727	0.999955	361	2	0.32284
G0118	10	0.318	0.54623	0.999995	521	2	-0.069057	0.61165	0.64713	0.999955	526	1	-0.069057
G0380	10	0.31896	0.54701	0.999995	522	3	0.030039	0.11907	0.23704	0.999955	114	2	0.030039
G0095	10	0.32052	0.5484	0.999995	523	2	0.029244	0.58843	0.63281	0.999955	506	1	0.029244
G0109	10	0.32326	0.5508	0.999995	524	3	-0.082034	0.93326	0.93324	0.999955	880	0	-0.082034
G0878	10	0.32365	0.55123	0.999995	525	2	-0.24278	0.94327	0.94336	0.999955	899	0	-0.24278
G0090	10	0.32435	0.55184	0.999995	526	2	-0.069096	0.53317	0.60242	0.999955	461	1	-0.069096
G0868	10	0.32576	0.55314	0.999995	527	2	-0.090102	0.98109	0.98187	0.999955	961	0	-0.090102
G0022	10	0.32636	0.55368	0.999995	528	3	-0.018807	0.093554	0.1962	0.999955	91	2	-0.018807
G0352	10	0.32646	0.55372	0.999995	529	2	0.20355	0.58026	0.62849	0.999955	497	1	0.20355
G0186	10	0.32856	0.55549	0.999995	530	2	0.077516	0.46453	0.56988	0.999955	418	1	0.077516
G0864	10	0.33026	0.55691	0.999995	531	2	0.12309	0.21161	0.34506	0.999955	165	2	0.12309
G0038	10	0.33065	0.55713	0.999995	532	3	-0.15475	0.40785	0.54499	0.999955	383	1	-0.15475
G0307	10	0.33337	0.55958	0.999995	533	3	0.0077354	0.22297	0.35605	0.999955	172	2	0.0077354
G0460	10	0.33343	0.55961	0.999995	534	2	0.37066	0.24286	0.37601	0.999955	186	2	0.37066
G0323	10	0.33355	0.55976	0.999995	535	3	-0.27409	0.4747	0.57418	0.999955	424	1	-0.27409
G0251	10	0.33413	0.56026	0.999995	536	1	0.1212	0.62798	0.65765	0.999955	542	1	0.1212
G0088	10	0.33416	0.56029	0.999995	537	3	0.088793	0.40311	0.53982	0.999955	374	2	0.088793
G0734	10	0.3369	0.56251	0.999995	538	1	-0.10173	0.84116	0.84032	0.999955	775	0	-0.10173
G0030	10	0.33765	0.56325	0.999995	539	2	-0.10992	0.88043	0.88084	0.999955	824	0	-0.10992
G0369	10	0.3392	0.56488	0.999995	540	2	0.039517	0.40032	0.53702	0.999955	371	1	0.039517
G0531	10	0.34192	0.56718	0.999995	541	2	0.41204	0.033974	0.094629	0.999955	69	4	0.41204
G0520	10	0.34386	0.56897	0.999995	542	3	-0.038149	0.55197	0.61275	0.999955	470	1	-0.038149
G0925	10	0.34814	0.57277	0.999995	543	3	0.044901	0.24062	0.37379	0.999955	185	1	0.044901
G0087	10	0.34844	0.57307	0.999995	544	3	-0.067841	0.11049	0.22288	0.999955	107	3	-0.067841
G0852	10	0.34905	0.57367	0.999995	545	3	0.0017357	0.74885	0.7492	0.999955	653	1	0.0017357
G0008	10	0.34968	0.57426	0.999995	546	2	-0.047164	0.67406	0.68875	0.999955	584	1	-0.047164
G0910	10	0.34991	0.57447	0.999995	547	2	0.16444	0.75029	0.75052	0.999955	654	1	0.16444
G0636	10	0.35149	0.57603	0.999995	548	3	-0.25766	0.95191	0.95208	0.999955	918	0	-0.25766
G0869	10	0.35329	0.57782	0.999995	549	3	-0.1769	0.40347	0.54023	0.999955	375	1	-0.1769
G0075	10	0.35393	0.5785	0.999995	550	3	-0.013695	0.76208	0.7617	0.999955	665	1	-0.013695
G0104	10	0.35515	0.57943	0.999995	551	3	-0.41167	0.92328	0.92311	0.999955	870	0	-0.41167
G0817	10	0.35666	0.58073	0.999995	552	3	-0.096275	0.9006	0.90038	0.999955	841	0	-0.096275
G0836	10	0.35759	0.58178	0.999995	553	3	-0.13224	0.47133	0.5726	0.999955	423	1	-0.13224
G0048	10	0.35801	0.5821	0.999995	554	1	-0.013552	0.91109	0.9106	0.999955	851	0	-0.013552
G0269	10	0.3582	0.58228	0.999995	555	3	0.043554	0.63329	0.66102	0.999955	546	1	0.043554
G0278	10	0.3582	0.58228	0.999995	556	3	-0.017419	0.60693	0.64419	0.999955	521	1	-0.017419
G0434	10	0.35936	0.58331	0.999995	557	2	-0.18147	0.60908	0.64553	0.999955	523	1	-0.18147
G0858	10	0.3613	0.58508	0.999995	558	2	0.023362	0.075005	0.16606	0.999955	83	3	0.023362
G0459	10	0.36168	0.58531	0.999995	559	3	-0.1603	0.60607	0.64352	0.999955	520	1	-0.1603
G0848	10	0.36284	0.58635	0.999995	560	3	-0.15205	0.6704	0.68633	0.999955	580	1	-0.15205
G0675	10	0.36737	0.59037	0.999995	561	3	-0.31722	0.95867	0.95891	0.999955	928	0	-0.31722
G0466	10	0.368	0.591	0.999995	562	3	0.035075	0.6866	0.69773	0.999955	594	1	0.035075
G0335	10	0.36998	0.5929	0.999995	563	3	-0.14937	0.25249	0.3853	0.999955	198	2	-0.14937
G0888	10	0.37042	0.59332	0.999995	564	3	-0.26441	0.91616	0.91564	0.999955	857	0	-0.26441
G0007	10	0.37064	0.59349	0.999995	565	2	0.29444	0.094168	0.19726	0.999955	92	3	0.29444
G0778	10	0.37348	0.59586	0.999995	566	3	-0.14987	0.96635	0.96629	0.999955	942	0	-0.14987
G0331	10	0.37556	0.59763	0.999995	567	3	-0.0073937	0.86774	0.86762	0.999955	815	0	-0.0073937
G0540	10	0.3759	0.59805	0.999995	568	2	0.30747	0.13714	0.26652	0.999955	128	3	0.30747
G0572	10	0.37786	0.59994	0.999995	569	1	0.079081	0.94372	0.94388	0.999955	903	0	0.079081
G0289	10	0.37851	0.60048	0.999995	570	1	0.35452	0.011987	0.039738	0.709484	56	4	0.35452
G0094	10	0.37864	0.60061	0.999995	571	3	0.10559	0.38593	0.5214	0.999955	353	2	0.10559
G0713	10	0.38018	0.60188	0.999995	572	2	0.41692	0.015588	0.049203	0.846031	58	4	0.41692
G0327	10	0.38111	0.60266	0.999995	573	2	0.029111	0.78265	0.78224	0.999955	695	0	0.029111
G0534	10	0.38171	0.60306	0.999995	574	2	-0.022707	0.15829	0.29356	0.999955	140	2	-0.022707
G0945	10	0.38235	0.60357	0.999995	575	3	-0.51941	0.94128	0.9414	0.999955	895	0	-0.51941
G0482	10	0.38286	0.60403	0.999995	576	2	0.13358	0.11436	0.22929	0.999955	111	3	0.13358
G0841	10	0.385	0.60606	0.999995	577	1	0.054993	0.75456	0.75457	0.999955	660	1	0.054993
G0694	10	0.38693	0.60781	0.999995	578	1	-0.014971	0.88408	0.88425	0.999955	829	0	-0.014971
G0045	10	0.38725	0.60808	0.999995	579	3	-0.11412	0.40425	0.54092	0.999955	377	2	-0.11412
G0568	10	0.38822	0.60898	0.999995	580	2	-0.13424	0.67841	0.69177	0.999955	586	1	-0.13424
G0236	10	0.38848	0.60916	0.999995	581	3	-0.077124	0.92168	0.9214	0.999955	868	0	-0.077124
G0926	10	0.39142	0.61166	0.999995	582	3	0.063348	0.76153	0.7612	0.999955	664	1	0.063348
G0388	10	0.39167	0.61192	0.999995	583	2	0.14569	0.63692	0.66335	0.999955	552	1	0.14569
G0812	10	0.39246	0.61277	0.999995	584	3	-0.051647	0.7629	0.76267	0.999955	667	1	-0.051647
G0196	10	0.39588	0.61584	0.999995	585	1	0.12202	0.3287	0.46198	0.999955	272	2	0.12202
G0496	10	0.39613	0.616	0.999995	586	3	-0.10986	0.64251	0.66718	0.999955	558	1	-0.10986
G0810	10	0.39625	0.61609	0.999995	587	3	-0.13822	0.60736	0.64441	0.999955	522	1	-0.13822
G0442	10	0.39766	0.61734	0.999995	588	3	-0.1078	0.76563	0.76552	0.999955	671	1	-0.1078
G0195	10	0.39888	0.61836	0.999995	589	3	-0.067317	0.71559	0.72014	0.999955	618	1	-0.067317
G0923	10	0.40133	0.62053	0.999995	590	3	0.23232	0.01896	0.058054	0.967574	60	4	0.23232
G0541	10	0.40221	0.6213	0.999995	591	2	-0.11307	0.95699	0.95717	0.999955	924	0	-0.11307
G0632	10	0.40284	0.62172	0.999995	592	2	0.079358	0.86163	0.86141	0.999955	807	0	0.079358
G0421	10	0.40409	0.62271	0.999995	593	2	-0.045166	0.32926	0.46246	0.999955	273	1	-0.045166
G0594	10	0.40959	0.6277	0.999995	594	3	-0.17931	0.95735	0.95761	0.999955	925	0	-0.17931
G0660	10	0.4102	0.62816	0.999995	595	3	0.33237	0.12542	0.24766	0.999955	120	3	0.33237
G0979	10	0.41107	0.62881	0.999995	596	2	0.027404	0.21804	0.35117	0.999955	171	2	0.027404
G0119	10	0.41173	0.62941	0.999995	597	3	-0.22425	0.35397	0.48823	0.999955	306	1	-0.22425
G0721	10	0.41344	0.63083	0.999995	598	2	-0.21153	0.87094	0.87104	0.999955	817	0	-0.21153
G0687	10	0.41418	0.63158	0.999995	599	3	-0.26216	0.81517	0.81479	0.999955	739	0	-0.26216
G0872	10	0.41523	0.63273	0.999995	600	3	-0.27345	0.95402	0.95425	0.999955	920	0	-0.27345
G0350	10	0.4157	0.63312	0.999995	601	3	0.10525	0.92437	0.92424	0.999955	873	0	0.10525
G0262	10	0.41776	0.63496	0.999995	602	1	-0.091868	0.39434	0.5303	0.999955	364	2	-0.091868
G0046	10	0.41863	0.63585	0.999995	603	2	-0.02812	0.13011	0.25535	0.999955	124	2	-0.02812
G0483	10	0.42029	0.63725	0.999995	604	3	0.054106	0.68801	0.69873	0.999955	597	1	0.054106
G0695	10	0.42059	0.63755	0.999995	605	3	-0.10858	0.68057	0.6934	0.999955	591	1	-0.10858
G0377	10	0.42082	0.63773	0.999995	606	2	-0.0096078	0.60477	0.64251	0.999955	518	1	-0.0096078
G0139	10	0.4239	0.64034	0.999995	607	2	0.27731	0.85135	0.8507	0.999955	790	0	0.27731
G0110	10	0.42456	0.64079	0.999995	608	3	-0.067384	0.70242	0.70982	0.999955	606	1	-0.067384
G0457	10	0.4263	0.64231	0.999995	609	3	0.043915	0.44424	0.56064	0.999955	404	1	0.043915
G0611	10	0.42653	0.64247	0.999995	610	2	0.043972	0.45011	0.5632	0.999955	410	1	0.043972
G0320	10	0.42691	0.64276	0.999995	611	1	0.1318	0.82789	0.82697	0.999955	755	0	0.1318
G0672	10	0.42752	0.6432	0.999995	612	2	-0.10994	0.5539	0.61392	0.999955	473	1	-0.10994
G0947	10	0.42873	0.64411	0.999995	613	2	0.11511	0.081174	0.17608	0.999955	85	3	0.11511
G0468	10	0.42944	0.64482	0.999995	614	3	-0.18902	0.027867	0.079847	0.999955	65	3	-0.18902
G0152	10	0.43234	0.64725	0.999995	615	2	0.20288	0.19029	0.32412	0.999955	156	2	0.20288
G0164	10	0.43401	0.64869	0.999995	616	3	-0.071369	0.84456	0.8437	0.999955	781	0	-0.071369
G0918	10	0.43414	0.64881	0.999995	617	2	0.10844	0.77072	0.7702	0.999955	676	1	0.10844
G0724	10	0.43431	0.64897	0.999995	618	3	-0.024691	0.85189	0.85122	0.999955	792	0	-0.024691
G0851	10	0.43832	0.65245	0.999995	619	2	0.036139	0.15297	0.28858	0.999955	136	2	0.036139
G0503	10	0.43923	0.65331	0.999995	620	2	-0.13282	0.65956	0.67874	0.999955	572	1	-0.13282
G0668	10	0.43979	0.65379	0.999995	621	3	-0.11156	0.99347	0.99395	0.999955	980	0	-0.11156
G0206	10	0.44009	0.65409	0.999995	622	3	0.056142	0.33765	0.47059	0.999955	285	2	0.056142
G0905	10	0.4401	0.65409	0.999995	623	2	0.055014	0.83074	0.82979	0.999955	760	0	0.055014
G0573	10	0.4407	0.65459	0.999995	624	3	-0.13101	0.42387	0.55178	0.999955	390	1	-0.13101
G0839	10	0.44404	0.65749	0.999995	625	3	-0.10772	0.96913	0.96928	0.999955	949	0	-0.10772
G0353	10	0.44424	0.65765	0.999995	626	2	0.13966	0.144	0.27752	0.999955	132	3	0.13966
G0709	10	0.44518	0.65858	0.999995	627	2	-0.21017	0.66892	0.68521	0.999955	578	1	-0.21017
G0028	10	0.44542	0.65877	0.999995	628	1	0.0050105	0.38171	0.517	0.999955	343	2	0.0050105
G0618	10	0.44666	0.65976	0.999995	629	2	0.097719	0.88929	0.88956	0.999955	834	0	0.097719
G0985	10	0.44703	0.66003	0.999995	630	3	-0.1131	0.45765	0.56674	0.999955	414	1	-0.1131
G0552	10	0.44777	0.66067	0.999995	631	2	0.025408	0.83295	0.83193	0.999955	765	0	0.025408
G0407	10	0.44835	0.66118	0.999995	632	1	0.0199	0.44718	0.56196	0.999955	407	1	0.0199
G0654	10	0.44925	0.66203	0.999995	633	2	-0.10547	0.57101	0.62316	0.999955	485	1	-0.10547
G0984	10	0.45127	0.66375	0.999995	634	2	-0.036696	0.21539	0.34856	0.999955	168	2	-0.036696
G0253	10	0.45186	0.66415	0.999995	635	2	0.012971	0.23634	0.36972	0.999955	181	2	0.012971
G0704	10	0.45418	0.66641	0.999995	636	1	0.071394	0.18807	0.32186	0.999955	155	2	0.071394
G0433	10	0.45441	0.66668	0.999995	637	3	-0.14786	0.87268	0.87275	0.999955	820	0	-0.14786
G0961	10	0.45515	0.66722	0.999995	638	3	-0.13509	0.57427	0.6251	0.999955	488	1	-0.13509
G0001	10	0.45526	0.6673	0.999995	639	3	-0.12674	0.87189	0.87194	0.999955	819	0	-0.12674
G0058	10	0.45617	0.66805	0.999995	640	3	-0.091337	0.35859	0.49311	0.999955	311	2	-0.091337
G0193	10	0.45708	0.66883	0.999995	641	3	-0.14342	0.4702	0.57204	0.999955	422	1	-0.14342
G0758	10	0.45829	0.67006	0.999995	642	3	-0.36578	0.44835	0.56243	0.999955	409	1	-0.36578
G0287	10	0.4588	0.67053	0.999995	643	1	-0.052681	0.92358	0.92341	0.999955	872	0	-0.052681
G0833	10	0.45889	0.67063	0.999995	644	3	-0.022839	0.75484	0.75476	0.999955	661	1	-0.022839
G0274	10	0.45919	0.67084	0.999995	645	3	-0.10896	0.92259	0.92234	0.999955	869	0	-0.10896
G0706	10	0.4607	0.6721	0.999995	646	3	-0.1736	0.93059	0.93048	0.999955	877	0	-0.1736
G0379	10	0.46402	0.6749	0.999995	647	3	-0.044509	0.30945	0.44309	0.999955	254	1	-0.044509
G0263	10	0.4651	0.6759	0.999995	648	2	-0.10594	0.95421	0.95441	0.999955	921	0	-0.10594
G0275	10	0.46578	0.67648	0.999995	649	3	-0.18476	0.68976	0.69994	0.999955	599	1	-0.18476
G0766	10	0.46583	0.67655	0.999995	650	3	-0.16585	0.12655	0.24944	0.999955	121	3	-0.16585
G0431	10	0.46613	0.67671	0.999995	651	3	-0.24529	0.37902	0.51453	0.999955	340	2	-0.24529
G0467	10	0.46854	0.67856	0.999995	652	3	-0.042177	0.56632	0.62082	0.999955	479	1	-0.042177
G0074	10	0.46942	0.67916	0.999995	653	2	-0.034288	0.31312	0.44683	0.999955	258	2	-0.034288
G0635	10	0.46975	0.67947	0.999995	654	3	-0.044711	0.14769	0.28322	0.999955	134	2	-0.044711
G0009	10	0.47155	0.68113	0.999995	655	3	-0.10967	0.73162	0.7335	0.999955	631	1	-0.10967
G0172	10	0.47197	0.68147	0.999995	656	2	0.053619	0.57148	0.62343	0.999955	486	1	0.053619
G0862	10	0.47245	0.68195	0.999995	657	3	0.18863	0.11479	0.22993	0.999955	112	3	0.18863
G0796	10	0.47632	0.68518	0.999995	658	2	-0.18684	0.69288	0.70238	0.999955	602	1	-0.18684
G0707	10	0.47694	0.68573	0.999995	659	2	-0.10499	0.77624	0.77579	0.999955	683	0	-0.10499
G0818	10	0.47749	0.68621	0.999995	660	1	-0.066318	0.69904	0.70741	0.999955	604	1	-0.066318
G0596	10	0.47805	0.68671	0.999995	661	3	-0.056773	0.19922	0.33271	0.999955	161	2	-0.056773
G0743	10	0.47849	0.68711	0.999995	662	2	-0.12627	0.33482	0.46769	0.999955	280	1	-0.12627
G0351	10	0.47972	0.68817	0.999995	663	1	0.045468	0.64211	0.66694	0.999955	557	1	0.045468
G0339	10	0.48175	0.68995	0.999995	664	3	-0.25228	0.94658	0.94666	0.999955	908	0	-0.25228
G0598	10	0.48385	0.69165	0.999995	665	3	0.031214	0.68413	0.69584	0.999955	593	1	0.031214
G0616	10	0.48445	0.69219	0.999995	666	3	-0.18262	0.94992	0.95012	0.999955	914	0	-0.18262
G0571	10	0.48534	0.69304	0.999995	667	3	0.0018145	0.73466	0.73625	0.999955	637	1	0.0018145
G0463	10	0.48564	0.69336	0.999995	668	3	-0.10496	0.36014	0.49473	0.999955	315	2	-0.10496
G0032	10	0.48654	0.69418	0.999995	669	3	-0.037501	0.98452	0.98514	0.999955	966	0	-0.037501
G0114	10	0.4869	0.69445	0.999995	670	2	-0.098991	0.34891	0.48219	0.999955	298	2	-0.098991
G0044	10	0.48803	0.69555	0.999995	671	3	-0.080701	0.84531	0.8444	0.999955	783	0	-0.080701
G0975	10	0.49018	0.69767	0.999995	672	2	0.039782	0.48138	0.57697	0.999955	430	1	0.039782
G0751	10	0.49041	0.69789	0.999995	673	3	-0.13526	0.27923	0.41254	0.999955	225	2	-0.13526
G0464	10	0.49285	0.70002	0.999995	674	3	-0.20394	0.93592	0.93613	0.999955	884	0	-0.20394
G0816	10	0.49428	0.7012	0.999995	675	3	-0.024291	0.94931	0.94949	0.999955	913	0	-0.024291
G0285	10	0.49463	0.70147	0.999995	676	2	-0.078992	0.28857	0.42204	0.999955	233	2	-0.078992
G0575	10	0.49577	0.70251	0.999995	677	3	-0.11052	0.86709	0.86701	0.999955	814	0	-0.11052
G0674	10	0.49937	0.70566	0.999995	678	1	0.17528	0.9068	0.90639	0.999955	846	0	0.17528
G0288	10	0.50052	0.70658	0.999995	679	3	-0.14831	0.95139	0.9516	0.999955	917	0	-0.14831
G0016	10	0.50348	0.70916	0.999995	680	3	-0.048445	0.34347	0.4765	0.999955	293	2	-0.048445
G0068	10	0.50471	0.71027	0.999995	681	1	0.14162	0.35046	0.48404	0.999955	300	2	0.14162
G0823	10	0.50526	0.71076	0.999995	682	2	-0.065262	0.81972	0.81933	0.999955	747	0	-0.065262
G0633	10	0.5063	0.71154	0.999995	683	1	-0.022406	0.72355	0.72658	0.999955	623	1	-0.022406
G0043	10	0.50947	0.71414	0.999995	684	2	-0.045599	0.80115	0.80066	0.999955	717	0	-0.045599
G0702	10	0.51053	0.715	0.999995	685	2	-0.034574	0.38133	0.51674	0.999955	342	2	-0.034574
G0261	10	0.51123	0.7156	0.999995	686	2	0.076012	0.62839	0.65786	0.999955	543	1	0.076012
G0336	10	0.51292	0.71706	0.999995	687	3	-0.0092153	0.72916	0.73139	0.999955	629	1	-0.0092153
G0988	10	0.51333	0.71739	0.999995	688	2	-0.091822	0.73977	0.74085	0.999955	641	1	-0.091822
G0727	10	0.51645	0.72047	0.999995	689	3	0.12343	0.15544	0.29098	0.999955	138	2	0.12343
G0901	10	0.51856	0.72171	0.999995	690	2	-0.070588	0.46282	0.569	0.999955	417	1	-0.070588
G0887	10	0.51991	0.72252	0.999995	691	2	-0.09446	0.6569	0.67698	0.999955	571	1	-0.09446
G0733	10	0.52145	0.72327	0.999995	692	1	0.34806	0.50577	0.58844	0.999955	444	1	0.34806
G0413	10	0.52307	0.72405	0.999995	693	2	-0.0091205	0.50418	0.58771	0.999955	442	1	-0.0091205
G0967	10	0.52376	0.72429	0.999995	694	2	-0.044331	0.80828	0.80781	0.999955	727	0	-0.044331
G0475	10	0.52607	0.72527	0.999995	695	1	-0.050741	0.45707	0.56636	0.999955	413	1	-0.050741
G0673	10	0.53014	0.72716	0.999995	696	1	-0.022625	0.58798	0.63261	0.999955	505	1	-0.022625
G0870	10	0.53134	0.72771	0.999995	697	2	0.12371	0.085292	0.18278	0.999955	86	3	0.12371
G0497	10	0.53168	0.72791	0.999995	698	2	0.011643	0.24684	0.3799	0.999955	191	1	0.011643
G0676	10	0.53267	0.72839	0.999995	699	2	-0.094235	0.77125	0.77078	0.999955	677	1	-0.094235
G0023	10	0.53271	0.7284	0.999995	700	2	-0.0072278	0.11371	0.22824	0.999955	109	3	-0.0072278
G0489	10	0.53339	0.72872	0.999995	701	2	-0.019105	0.35935	0.49377	0.999955	313	2	-0.019105
G1000	10	0.53715	0.73057	0.999995	702	2	-0.14057	0.36135	0.4959	0.999955	317	1	-0.14057
G0160	10	0.54021	0.73209	0.999995	703	2	0.080597	0.30727	0.44087	0.999955	251	2	0.080597
G0903	10	0.54529	0.73454	0.999995	704	2	-0.083168	0.086886	0.18533	0.999955	87	3	-0.083168
G0180	10	0.55669	0.74068	0.999995	705	2	-0.24523	0.55487	0.61454	0.999955	474	1	-0.24523
G0964	10	0.55776	0.7412	0.999995	706	2	0.080515	0.42873	0.55369	0.999955	394	1	0.080515
G0935	10	0.56253	0.74355	0.999995	707	1	0.090084	0.80347	0.8029	0.999955	721	0	0.090084
G0973	10	0.56348	0.74407	0.999995	708	2	0.14595	0.096328	0.20059	0.999955	94	2	0.14595
G0218	10	0.56396	0.74431	0.999995	709	2	0.015043	0.49506	0.58346	0.999955	435	1	0.015043
G0652	10	0.56595	0.74525	0.999995	710	2	-0.10305	0.57054	0.62293	0.999955	484	1	-0.10305
G0805	10	0.56792	0.74632	0.999995	711	2	-0.072612	0.8633	0.86302	0.999955	811	0	-0.072612
G0451	10	0.56961	0.74705	0.999995	712	2	0.0042625	0.96402	0.96404	0.999955	937	0	0.0042625
G0247	10	0.5725	0.74856	0.999995	713	2	-0.078404	0.1974	0.33101	0.999955	159	2	-0.078404
G0717	10	0.57796	0.75158	0.999995	714	1	-0.091075	0.96535	0.96536	0.999955	938	0	-0.091075
G0277	10	0.5798	0.75261	0.999995	715	1	0.06735	0.79306	0.79249	0.999955	706	0	0.06735
G0169	10	0.58026	0.75293	0.999995	716	1	-0.059595	0.32792	0.46126	0.999955	270	2	-0.059595
G0477	10	0.58029	0.75294	0.999995	717	2	0.066161	0.79499	0.79435	0.999955	710	0	0.066161
G0297	10	0.58163	0.75354	0.999995	718	1	0.049897	0.25302	0.3857	0.999955	199	1	0.049897
G0112	10	0.58255	0.75402	0.999995	719	2	0.12999	0.73375	0.73546	0.999955	634	1	0.12999
G0132	10	0.58415	0.75474	0.999995	720	2	0.054747	0.59865	0.6389	0.999955	512	1	0.054747
G0173	10	0.58572	0.75558	0.999995	721	2	0.05559	0.73345	0.73522	0.999955	633	1	0.05559
G0385	10	0.58662	0.75617	0.999995	722	1	0.34812	0.11382	0.22842	0.999955	110	3	0.34812
G0718	10	0.58707	0.75632	0.999995	723	2	-0.15534	0.98702	0.98769	0.999955	968	0	-0.15534
G0513	10	0.58932	0.75743	0.999995	724	2	0.2287	0.78592	0.78567	0.999955	701	0	0.2287
G0409	10	0.59309	0.75954	0.999995	725	2	0.10485	0.64527	0.6691	0.999955	560	1	0.10485
G0642	10	0.5934	0.75966	0.999995	726	2	-0.058062	0.14246	0.275	0.999955	131	2	-0.058062
G0886	10	0.59424	0.76009	0.999995	727	2	0.19143	0.74798	0.74843	0.999955	651	1	0.19143
G0993	10	0.59845	0.76213	0.999995	728	2	0.025143	0.29499	0.42874	0.999955	239	1	0.025143
G0612	10	0.60172	0.76382	0.999995	729	2	0.090573	0.62344	0.65436	0.999955	536	1	0.090573
G0560	10	0.60216	0.76408	0.999995	730	1	0.17862	0.38435	0.51988	0.999955	350	1	0.17862
G0977	10	0.60259	0.7643	0.999995	731	2	0.14291	0.85367	0.85291	0.999955	794	0	0.14291
G0701	10	0.60502	0.76547	0.999995	732	2	0.13882	0.050932	0.12626	0.999955	79	3	0.13882
G0479	10	0.60533	0.7657	0.999995	733	2	-0.16803	0.91691	0.91633	0.999955	859	0	-0.16803
G0129	10	0.60689	0.76656	0.999995	734	2	-0.022468	0.818	0.8175	0.999955	744	0	-0.022468
G0873	10	0.60736	0.76683	0.999995	735	2	-0.055061	0.63369	0.66135	0.999955	547	1	-0.055061
G0223	10	0.60782	0.76706	0.999995	736	2	-0.068091	0.82036	0.82002	0.999955	748	0	-0.068091
G0216	10	0.60937	0.76781	0.999995	737	2	-0.063339	0.74006	0.74114	0.999955	642	1	-0.063339
G0814	10	0.60951	0.76789	0.999995	738	1	-0.042685	0.78467	0.7844	0.999955	698	0	-0.042685
G0047	10	0.61153	0.76886	0.999995	739	2	0.13048	0.81319	0.81269	0.999955	736	0	0.13048
G0914	10	0.61208	0.76912	0.999995	740	2	-0.023851	0.94104	0.94113	0.999955	894	0	-0.023851
G0819	10	0.61251	0.76938	0.999995	741	1	0.34663	0.34114	0.4744	0.999955	291	2	0.34663
G0519	10	0.61421	0.77025	0.999995	742	1	-0.12065	0.69115	0.701	0.999955	600	1	-0.12065
G0737	10	0.61552	0.77104	0.999995	743	2	0.071835	0.81385	0.81349	0.999955	738	0	0.071835
G0373	10	0.61888	0.77282	0.999995	744	2	0.13909	0.27428	0.40767	0.999955	219	1	0.13909
G0027	10	0.61927	0.77304	0.999995	745	1	0.23592	0.39014	0.52574	0.999955	358	2	0.23592
G0939	10	0.62222	0.77486	0.999995	746	2	-0.10377	0.32083	0.45451	0.999955	265	1	-0.10377
G0224	10	0.62434	0.77594	0.999995	747	2	-0.11809	0.57934	0.62792	0.999955	496	1	-0.11809
G0153	10	0.62615	0.777	0.999995	748	2	0.095903	0.42082	0.55049	0.999955	389	1	0.095903
G0772	10	0.63085	0.77965	0.999995	749	2	0.027522	0.86297	0.86271	0.999955	810	0	0.027522
G0081	10	0.63692	0.783	0.999995	750	2	0.12393	0.30571	0.43942	0.999955	249	2	0.12393
G0617	10	0.64092	0.78512	0.999995	751	1	-0.07126	0.385	0.52044	0.999955	351	1	-0.07126
G0284	10	0.6433	0.78654	0.999995	752	2	0.052857	0.31702	0.45072	0.999955	261	2	0.052857
G0577	10	0.64448	0.78721	0.999995	753	2	0.07807	0.8085	0.80799	0.999955	728	0	0.07807
G0368	10	0.64566	0.78782	0.999995	754	1	0.011256	0.49398	0.583	0.999955	434	1	0.011256
G0242	10	0.64569	0.78785	0.999995	755	2	-0.0062548	0.36786	0.50306	0.999955	327	2	-0.0062548
G0312	10	0.64723	0.78874	0.999995	756	1	-0.000853	0.90914	0.90866	0.999955	849	0	-0.000853
G0794	10	0.64957	0.79014	0.999995	757	1	0.25395	0.10007	0.20614	0.999955	97	3	0.25395
G0761	10	0.65119	0.79103	0.999995	758	2	0.13684	0.022051	0.065609	0.999955	62	3	0.13684
G0521	10	0.65463	0.79305	0.999995	759	2	0.066158	0.076336	0.168	0.999955	84	2	0.066158
G0184	10	0.65956	0.79579	0.999995	760	2	-0.091937	0.93922	0.93935	0.999955	892	0	-0.091937
G0678	10	0.66061	0.79646	0.999995	761	2	-0.17689	0.88073	0.88106	0.999955	825	0	-0.17689
G0723	10	0.66108	0.79677	0.999995	762	1	0.17541	0.3974	0.53359	0.999955	367	2	0.17541
G0854	10	0.6623	0.79736	0.999995	763	2	-0.027999	0.85614	0.85588	0.999955	797	0	-0.027999
G0495	10	0.66371	0.7982	0.999995	764	1	0.15256	0.89242	0.89255	0.999955	838	0	0.15256
G0066	10	0.66446	0.79869	0.999995	765	2	-0.043186	0.06957	0.15718	0.999955	81	2	-0.043186
G0919	10	0.66791	0.80071	0.999995	766	2	-0.045504	0.74741	0.74786	0.999955	650	1	-0.045504
G0120	10	0.66929	0.80159	0.999995	767	1	0.21526	0.79354	0.79294	0.999955	707	0	0.21526
G0137	10	0.66931	0.8016	0.999995	768	2	-0.1397	0.2795	0.41286	0.999955	226	1	-0.1397
G0775	10	0.66958	0.8018	0.999995	769	2	-0.24114	0.36269	0.49737	0.999955	319	1	-0.24114
G0057	10	0.67333	0.80396	0.999995	770	2	0.062337	0.10293	0.21081	0.999955	98	3	0.062337
G0031	10	0.67479	0.80478	0.999995	771	2	-0.080104	0.50471	0.58798	0.999955	443	1	-0.080104
G0156	10	0.67758	0.8065	0.999995	772	2	0.010747	0.1981	0.33174	0.999955	160	2	0.010747
G0653	10	0.67813	0.80677	0.999995	773	2	0.051609	0.36632	0.50134	0.999955	323	2	0.051609
G0387	10	0.67895	0.80723	0.999995	774	2	0.11942	0.24916	0.38227	0.999955	194	2	0.11942
G0212	10	0.67949	0.80756	0.999995	775	1	-0.021573	0.83962	0.83874	0.999955	772	0	-0.021573
G0245	10	0.68112	0.80849	0.999995	776	2	0.12511	0.24902	0.38211	0.999955	193	2	0.12511
G0525	10	0.68413	0.81002	0.999995	777	1	0.28104	0.029537	0.084134	0.999955	66	4	0.28104
G0302	10	0.68448	0.81031	0.999995	778	1	0.096779	0.78088	0.78043	0.999955	692	0	0.096779
G0346	10	0.68652	0.81146	0.999995	779	2	0.010526	0.79427	0.79367	0.999955	708	0	0.010526
G0714	10	0.69053	0.81382	0.999995	780	2	0.081765	0.31195	0.44544	0.999955	256	2	0.081765
G0801	10	0.69392	0.81583	0.999995	781	1	-0.048334	0.72166	0.72521	0.999955	621	1	-0.048334
G0890	10	0.69451	0.81617	0.999995	782	2	-0.003408	0.83335	0.8323	0.999955	767	0	-0.003408
G0770	10	0.69803	0.81849	0.999995	783	1	-0.12597	0.22335	0.35649	0.999955	173	2	-0.12597
G0898	10	0.69897	0.8191	0.999995	784	2	-0.066885	0.87079	0.87091	0.999955	816	0	-0.066885
G0834	10	0.69938	0.81941	0.999995	785	2	-0.045279	0.95896	0.9592	0.999955	929	0	-0.045279
G0324	10	0.7004	0.82004	0.999995	786	2	-0.19315	0.64052	0.66581	0.999955	556	1	-0.19315
G0174	10	0.70131	0.82056	0.999995	787	2	0.297	0.26143	0.39437	0.999955	206	1	0.297
G0506	10	0.70676	0.82381	0.999995	788	2	-0.077187	0.88321	0.88367	0.999955	828	0	-0.077187
G0613	10	0.71031	0.82599	0.999995	789	2	-0.094279	0.93465	0.93473	0.999955	882	0	-0.094279
G0130	10	0.71208	0.82714	0.999995	790	2	-0.012694	0.35627	0.49061	0.999955	309	2	-0.012694
G0207	10	0.71397	0.82838	0.999995	791	1	0.13013	0.83034	0.82941	0.999955	759	0	0.13013
G0293	10	0.71912	0.83142	0.999995	792	1	-0.08594	0.9131	0.91267	0.999955	854	0	-0.08594
G0070	10	0.72061	0.83246	0.999995	793	2	0.13668	0.10417	0.21291	0.999955	101	3	0.13668
G0682	10	0.7211	0.83273	0.999995	794	2	-0.16819	0.55342	0.61361	0.999955	472	1	-0.16819
G0963	10	0.72197	0.8332	0.999995	795	1	0.21906	0.61421	0.64883	0.999955	529	1	0.21906
G0012	10	0.72283	0.83376	0.999995	796	2	-0.093292	0.6039	0.64192	0.999955	517	1	-0.093292
G0968	10	0.72357	0.83429	0.999995	797	2	-0.2474	0.6737	0.68858	0.999955	583	1	-0.2474
G0559	10	0.72553	0.83559	0.999995	798	2	-0.16518	0.40121	0.53798	0.999955	373	2	-0.16518
G0736	10	0.72574	0.83567	0.999995	799	1	1.6298	4.1435e-10	4.9505e-06	0.000127	25	7	1.6298
G0268	10	0.72578	0.83568	0.999995	800	2	-0.0009976	0.62592	0.65614	0.999955	540	1	-0.0009976
G0528	10	0.72627	0.83607	0.999995	801	2	0.015159	0.41034	0.54639	0.999955	384	1	0.015159
G0270	10	0.72699	0.83646	0.999995	802	1	0.51271	0.0099006	0.034213	0.645526	53	4	0.51271
G0144	10	0.72946	0.83802	0.999995	803	1	-0.0090289	0.72792	0.73035	0.999955	628	1	-0.0090289
G0754	10	0.7304	0.83865	0.999995	804	2	-0.024	0.29426	0.42812	0.999955	238	2	-0.024
G0077	10	0.73161	0.83949	0.999995	805	2	-0.086702	0.81756	0.81711	0.999955	743	0	-0.086702
G0930	10	0.73436	0.84126	0.999995	806	1	0.71539	7.2882e-07	4.9505e-06	0.000127	37	8	0.71539
G0938	10	0.73473	0.84148	0.999995	807	2	0.032279	0.17245	0.3069	0.999955	146	1	0.032279
G0358	10	0.73587	0.84218	0.999995	808	1	0.017829	0.78189	0.78144	0.999955	694	0	0.017829
G0549	10	0.73593	0.84221	0.999995	809	2	-0.05104	0.54167	0.607	0.999955	464	1	-0.05104
G0073	10	0.73759	0.84323	0.999995	810	2	-0.038289	0.30182	0.43589	0.999955	246	2	-0.038289
G0419	10	0.7383	0.8437	0.999995	811	2	-0.25995	0.80646	0.80605	0.999955	725	0	-0.25995
G0203	10	0.74096	0.84559	0.999995	812	1	-0.16569	0.85045	0.84981	0.999955	789	0	-0.16569
G0826	10	0.74273	0.84678	0.999995	813	1	-0.0063673	0.34855	0.48179	0.999955	297	1	-0.0063673
G0101	10	0.74324	0.84714	0.999995	814	2	0.16862	0.10542	0.21486	0.999955	104	3	0.16862
G0994	10	0.74394	0.84762	0.999995	815	2	0.022569	0.41158	0.54684	0.999955	385	1	0.022569
G0398	10	0.74603	0.84904	0.999995	816	2	0.057865	0.26675	0.39987	0.999955	211	2	0.057865
G0021	10	0.74857	0.85068	0.999995	817	2	-0.01335	0.32646	0.45995	0.999955	269	2	-0.01335
G0443	10	0.7488	0.85084	0.999995	818	2	-0.021351	0.93898	0.93904	0.999955	891	0	-0.021351
G0667	10	0.74903	0.85097	0.999995	819	2	-0.11804	0.71494	0.71977	0.999955	617	1	-0.11804
G0921	10	0.74926	0.85113	0.999995	820	2	0.014809	0.27353	0.40683	0.999955	218	2	0.014809
G0397	10	0.75086	0.85232	0.999995	821	1	0.063629	0.80417	0.80367	0.999955	722	0	0.063629
G0303	10	0.75178	0.85291	0.999995	822	2	-0.073889	0.85925	0.85901	0.999955	805	0	-0.073889
G0439	10	0.75451	0.85486	0.999995	823	2	-0.086311	0.53368	0.60268	0.999955	462	1	-0.086311
G0037	10	0.7554	0.85545	0.999995	824	1	-0.10308	0.7094	0.71507	0.999955	613	1	-0.10308
G0298	10	0.75654	0.85615	0.999995	825	2	0.011896	0.92067	0.92023	0.999955	866	0	0.011896
G0776	10	0.75737	0.85676	0.999995	826	2	-0.046052	0.84881	0.84815	0.999955	787	0	-0.046052
G0804	10	0.75788	0.85708	0.999995	827	2	-0.054623	0.60259	0.6411	0.999955	516	1	-0.054623
G0599	10	0.75904	0.85771	0.999995	828	1	-0.17447	0.071141	0.15986	0.999955	82	3	-0.17447
G0771	10	0.76015	0.85857	0.999995	829	1	-0.050127	0.89535	0.89518	0.999955	839	0	-0.050127
G0390	10	0.76056	0.85887	0.999995	830	2	-0.17526	0.47638	0.57494	0.999955	426	1	-0.17526
G0900	10	0.7607	0.85899	0.999995	831	1	0.15653	0.40722	0.54425	0.999955	382	1	0.15653
G0664	10	0.76098	0.85912	0.999995	832	1	0.13829	0.12677	0.24988	0.999955	122	3	0.13829
G0181	10	0.76372	0.86104	0.999995	833	2	-0.20108	0.89229	0.89243	0.999955	837	0	-0.20108
G0386	10	0.76427	0.86138	0.999995	834	2	0.19486	0.17159	0.30605	0.999955	145	2	0.19486
G0062	10	0.76476	0.86176	0.999995	835	2	-0.022	0.92097	0.92064	0.999955	867	0	-0.022
G0860	10	0.76617	0.86266	0.999995	836	1	0.22753	0.13597	0.26472	0.999955	127	3	0.22753
G0990	10	0.76966	0.86492	0.999995	837	1	0.33624	0.045877	0.11756	0.999955	75	3	0.33624
G0476	10	0.76976	0.86499	0.999995	838	2	0.18668	0.29352	0.42744	0.999955	237	1	0.18668
G0189	10	0.77234	0.86687	0.999995	839	2	0.10973	0.86347	0.86314	0.999955	812	0	0.10973
G0025	10	0.77298	0.86736	0.999995	840	2	-0.055629	0.7752	0.77466	0.999955	681	0	-0.055629
G0318	10	0.77598	0.86961	0.999995	841	1	-0.10199	0.19996	0.33332	0.999955	162	2	-0.10199
G0986	10	0.77754	0.87095	0.999995	842	1	0.10906	0.60563	0.64308	0.999955	519	1	0.10906
G0326	10	0.77891	0.87199	0.999995	843	2	0.062263	0.18512	0.31916	0.999955	151	2	0.062263
G0983	10	0.77912	0.87214	0.999995	844	2	-0.14976	0.3213	0.45504	0.999955	266	2	-0.14976
G0542	10	0.77996	0.87267	0.999995	845	2	0.094425	0.25172	0.38472	0.999955	197	2	0.094425
G0648	10	0.78088	0.87318	0.999995	846	1	0.066076	0.098829	0.20431	0.999955	95	3	0.066076
G0857	10	0.78121	0.87338	0.999995	847	2	-0.090679	0.25455	0.38718	0.999955	201	1	-0.090679
G0248	10	0.78266	0.87433	0.999995	848	2	-0.030895	0.24762	0.3808	0.999955	192	1	-0.030895
G0748	10	0.78328	0.87484	0.999995	849	2	-0.1701	0.95262	0.95285	0.999955	919	0	-0.1701
G0396	10	0.79038	0.87835	0.999995	850	1	-0.015776	0.80161	0.8011	0.999955	718	0	-0.015776
G0006	10	0.79209	0.87872	0.999995	851	1	0.047729	0.51158	0.59123	0.999955	449	1	0.047729
G0769	10	0.79523	0.87946	0.999995	852	1	-0.07641	0.71169	0.71701	0.999955	616	1	-0.07641
G0931	10	0.79974	0.88061	0.999995	853	1	-0.12263	0.78062	0.78024	0.999955	691	0	-0.12263
G0894	10	0.8044	0.8819	0.999995	854	1	0.062844	0.27127	0.4045	0.999955	215	1	0.062844
G0255	10	0.80669	0.88257	0.999995	855	1	-0.093619	0.98258	0.98302	0.999955	964	0	-0.093619
G0125	10	0.81648	0.88529	0.999995	856	1	-0.076931	0.88692	0.88716	0.999955	831	0	-0.076931
G0122	10	0.818	0.88573	0.999995	857	1	0.70191	6.2631e-07	4.9505e-06	0.000127	36	8	0.70191
G0445	10	0.81929	0.88612	0.999995	858	1	0.021028	0.21652	0.34969	0.999955	169	2	0.021028
G0579	10	0.8195	0.88619	0.999995	859	1	0.22876	0.38516	0.5206	0.999955	352	2	0.22876
G0330	10	0.82014	0.88643	0.999995	860	1	0.081404	0.43772	0.55775	0.999955	399	1	0.081404
G0050	10	0.82952	0.88902	0.999995	861	1	-0.1758	0.58527	0.6313	0.999955	503	1	-0.1758
G0290	10	0.83454	0.89051	0.999995	862	1	-0.011523	0.91627	0.91573	0.999955	858	0	-0.011523
G0526	10	0.83573	0.89083	0.999995	863	1	-0.10005	0.30766	0.44124	0.999955	252	2	-0.10005
G0034	10	0.84211	0.89312	0.999995	864	1	-0.070918	0.30688	0.44053	0.999955	250	2	-0.070918
G0788	10	0.84493	0.894	0.999995	865	1	1.1223	5.4793e-10	4.9505e-06	0.000127	27	8	1.1223
G0899	10	0.84586	0.89434	0.999995	866	1	0.045552	0.34923	0.48269	0.999955	299	1	0.045552
G0897	10	0.84936	0.89546	0.999995	867	1	2.3217	9.7871e-11	4.9505e-06	0.000127	21	7	2.3217
G0147	10	0.85243	0.89651	0.999995	868	1	2.7066	5.4793e-14	4.9505e-06	0.000127	14	9	2.7066
G0133	10	0.85491	0.89743	0.999995	869	1	0.25961	0.6546	0.67556	0.999955	569	1	0.25961
G0619	10	0.85787	0.89857	0.999995	870	1	0.067208	0.17014	0.30464	0.999955	144	2	0.067208
G0179	10	0.86163	0.9	0.999995	871	1	0.075307	0.48083	0.57677	0.999955	429	1	0.075307
G0061	10	0.86595	0.90162	0.999995	872	1	-0.067695	0.76508	0.76495	0.999955	670	1	-0.067695
G0556	10	0.86774	0.90232	0.999995	873	1	0.39375	0.61759	0.65084	0.999955	531	1	0.39375
G0584	10	0.87079	0.90377	0.999995	874	1	0.060943	0.84001	0.83904	0.999955	773	0	0.060943
G0815	10	0.87546	0.90551	0.999995	875	1	0.11877	0.65113	0.67335	0.999955	565	1	0.11877
G0730	10	0.87638	0.90592	0.999995	876	1	-0.089881	0.70709	0.71333	0.999955	610	1	-0.089881
G0078	10	0.88278	0.90891	0.999995	877	1	-0.10616	0.76644	0.76639	0.999955	673	1	-0.10616
G0213	10	0.88379	0.90927	0.999995	878	1	-0.1461	0.57612	0.62607	0.999955	492	1	-0.1461
G0912	10	0.88915	0.91151	0.999995	879	1	0.069341	0.63652	0.66306	0.999955	551	1	0.069341
G0867	10	0.89094	0.9122	0.999995	880	1	-0.096487	0.26061	0.39366	0.999955	204	2	-0.096487
G0478	10	0.89121	0.91233	0.999995	881	1	-0.053101	0.74537	0.7461	0.999955	647	1	-0.053101
G0408	10	0.89134	0.91238	0.999995	882	1	0.0022439	0.88508	0.88529	0.999955	830	0	0.0022439
G0316	10	0.89242	0.91292	0.999995	883	1	0.12642	0.26564	0.39869	0.999955	210	2	0.12642
G0283	10	0.89296	0.91316	0.999995	884	1	0.017927	0.7172	0.72143	0.999955	619	1	0.017927
G0774	10	0.89508	0.91405	0.999995	885	1	0.76312	1.1751e-06	4.9505e-06	0.000127	39	8	0.76312
G0840	10	0.89768	0.91515	0.999995	886	1	-0.16222	0.26875	0.40186	0.999955	212	2	-0.16222
G0208	10	0.90209	0.91746	0.999995	887	1	0.090206	0.60994	0.64608	0.999955	524	1	0.090206
G0798	10	0.90381	0.91824	0.999995	888	1	0.20616	0.13808	0.26792	0.999955	129	3	0.20616
G0166	10	0.90645	0.91958	0.999995	889	1	0.30418	0.11284	0.2269	0.999955	108	3	0.30418
G0719	10	0.90657	0.91965	0.999995	890	1	0.060263	0.8643	0.86408	0.999955	813	0	0.060263
G0267	10	0.90914	0.92097	0.999995	891	1	-0.10968	0.8044	0.804	0.999955	723	0	-0.10968
G0555	10	0.90983	0.92142	0.999995	892	1	0.12363	0.88117	0.88164	0.999955	826	0	0.12363
G0182	10	0.9104	0.92164	0.999995	893	1	0.016453	0.90429	0.9039	0.999955	844	0	0.016453
G0874	10	0.91052	0.9217	0.999995	894	1	0.98188	8.1423e-08	4.9505e-06	0.000127	32	8	0.98188
G0480	10	0.91199	0.92257	0.999995	895	1	-0.13687	0.78139	0.78088	0.999955	693	0	-0.13687
G0271	10	0.91443	0.92399	0.999995	896	1	0.51552	0.00066992	0.003302	0.078619	42	6	0.51552
G0972	10	0.91776	0.92564	0.999995	897	1	0.15582	0.7442	0.74506	0.999955	645	1	0.15582
G0915	10	0.91912	0.92653	0.999995	898	1	0.045234	0.82562	0.82513	0.999955	750	0	0.045234
G0976	10	0.91943	0.92675	0.999995	899	1	-0.0027797	0.2979	0.4319	0.999955	243	1	-0.0027797
G0924	10	0.92005	0.92727	0.999995	900	1	0.11862	0.26901	0.40212	0.999955	213	2	0.11862
G0355	10	0.92534	0.93099	0.999995	901	1	0.059075	0.13574	0.26433	0.999955	126	3	0.059075
G0824	10	0.92912	0.93329	0.999995	902	1	-0.27058	0.6341	0.6616	0.999955	548	1	-0.27058
G0136	10	0.92931	0.93341	0.999995	903	1	-0.021305	0.31231	0.44585	0.999955	257	1	-0.021305
G0163	10	0.92958	0.9336	0.999995	904	1	0.041017	0.60085	0.64005	0.999955	515	1	0.041017
G0982	10	0.93238	0.9357	0.999995	905	1	-0.1258	0.11983	0.23843	0.999955	117	3	-0.1258
G0499	10	0.93499	0.93773	0.999995	906	1	-0.051032	0.25095	0.384	0.999955	195	2	-0.051032
G0953	10	0.93734	0.9396	0.999995	907	1	0.037659	0.29169	0.42537	0.999955	235	2	0.037659
G0943	10	0.93841	0.94039	0.999995	908	1	-0.011409	0.77178	0.77135	0.999955	679	1	-0.011409
G0371	10	0.93914	0.94091	0.999995	909	1	0.083068	0.59557	0.63687	0.999955	510	1	0.083068
G0005	10	0.93946	0.9412	0.999995	910	1	0.16941	0.015838	0.049916	0.846031	59	3	0.16941
G0835	10	0.94041	0.94195	0.999995	911	1	0.12012	0.318	0.45168	0.999955	263	1	0.12012
G0536	10	0.94274	0.94386	0.999995	912	1	0.30872	0.24607	0.3791	0.999955	190	1	0.30872
G0829	10	0.94289	0.94397	0.999995	913	1	0.01679	0.70376	0.71082	0.999955	608	1	0.01679
G0458	10	0.94365	0.94456	0.999995	914	1	-0.016129	0.33492	0.46779	0.999955	281	2	-0.016129
G0747	10	0.94447	0.94534	0.999995	915	1	-0.042878	0.85666	0.85649	0.999955	799	0	-0.042878
G0828	10	0.94557	0.94625	0.999995	916	1	0.23401	0.16869	0.30324	0.999955	142	2	0.23401
G0576	10	0.94651	0.94709	0.999995	917	1	0.12958	0.66929	0.68552	0.999955	579	1	0.12958
G0692	10	0.94772	0.94822	0.999995	918	1	0.44233	0.0011365	0.005302	0.1205	44	4	0.44233
G0628	10	0.94855	0.94898	0.999995	919	1	-0.048203	0.75115	0.7513	0.999955	655	1	-0.048203
G0404	10	0.94945	0.94989	0.999995	920	1	0.083898	0.20258	0.33608	0.999955	163	2	0.083898
G0395	10	0.94952	0.94994	0.999995	921	1	0.11562	0.18667	0.32066	0.999955	153	1	0.11562
G0142	10	0.95301	0.95319	0.999995	922	1	-0.014941	0.66446	0.68212	0.999955	576	1	-0.014941
G0060	10	0.95427	0.95444	0.999995	923	0	0.27014	0.3771	0.51258	0.999955	336	2	0.27014
G0547	10	0.95562	0.95592	0.999995	924	0	0.24359	0.19081	0.32461	0.999955	158	2	0.24359
G0952	10	0.95676	0.95699	0.999995	925	0	1.8788	1.2438e-10	4.9505e-06	0.000127	22	8	1.8788
G0885	10	0.95699	0.95717	0.999995	926	0	-0.0086195	0.94644	0.94654	0.999955	907	0	-0.0086195
G0265	10	0.95711	0.95733	0.999995	927	0	-0.080643	0.77883	0.77859	0.999955	688	0	-0.080643
G0741	10	0.95717	0.95736	0.999995	928	0	-0.12723	0.58345	0.63015	0.999955	501	1	-0.12723
G0072	10	0.95957	0.95973	0.999995	929	0	0.043671	0.92447	0.92431	0.999955	874	0	0.043671
G0348	10	0.95968	0.95984	0.999995	930	0	0.011212	0.32286	0.45641	0.999955	268	2	0.011212
G0530	10	0.9598	0.95993	0.999995	931	0	-0.014418	0.84845	0.84781	0.999955	786	0	-0.014418
G0569	10	0.96084	0.96085	0.999995	932	0	0.37668	0.0055988	0.021886	0.446656	49	5	0.37668
G0847	10	0.96201	0.96202	0.999995	933	0	0.11124	0.64762	0.67077	0.999955	562	1	0.11124
G0523	10	0.96227	0.96229	0.999995	934	0	0.018981	0.1048	0.2139	0.999955	102	2	0.018981
G0231	10	0.96578	0.96574	0.999995	935	0	0.17947	0.38363	0.51903	0.999955	348	2	0.17947
G0341	10	0.9665	0.96636	0.999995	936	0	0.11148	0.84753	0.84669	0.999955	785	0	0.11148
G0064	10	0.96678	0.96669	0.999995	937	0	0.12847	0.59424	0.63614	0.999955	509	1	0.12847
G0454	10	0.9686	0.96866	0.999995	938	0	0.15378	0.1161	0.23195	0.999955	113	3	0.15378
G0444	10	0.96878	0.96889	0.999995	939	0	0.59601	0.0017068	0.0078861	0.171438	46	5	0.59601
G0414	10	0.969	0.96909	0.999995	940	0	0.017335	0.92838	0.92816	0.999955	876	0	0.017335
G0658	10	0.96913	0.96928	0.999995	941	0	0.15345	0.36668	0.5017	0.999955	324	1	0.15345
G0230	10	0.97016	0.97023	0.999995	942	0	0.21146	0.55632	0.61544	0.999955	475	1	0.21146
G0803	10	0.97033	0.97032	0.999995	943	0	0.3832	0.0098256	0.033985	0.645526	52	4	0.3832
G0170	10	0.97189	0.97204	0.999995	944	0	0.34984	0.037004	0.10178	0.999955	73	4	0.34984
G0041	10	0.97421	0.9746	0.999995	945	0	0.025969	0.36091	0.4955	0.999955	316	2	0.025969
G0069	10	0.97425	0.97467	0.999995	946	0	0.16853	0.036138	0.099718	0.999955	71	3	0.16853
G0273	10	0.9757	0.97605	0.999995	947	0	1.5745	9.8688e-10	4.9505e-06	0.000127	28	8	1.5745
G0785	10	0.9766	0.97703	0.999995	948	0	0.076595	0.6715	0.6871	0.999955	581	1	0.076595
G0040	10	0.97717	0.97774	0.999995	949	0	0.54768	0.0013576	0.0063317	0.140704	45	5	0.54768
G0154	10	0.97753	0.97815	0.999995	950	0	0.47425	0.005252	0.020658	0.430384	48	5	0.47425
G0657	10	0.9794	0.9801	0.999995	951	0	-0.0077421	0.78642	0.78612	0.999955	702	0	-0.0077421
G0861	10	0.98017	0.98093	0.999995	952	0	-0.025721	0.28273	0.41587	0.999955	229	2	-0.025721
G0294	10	0.98067	0.98147	0.999995	953	0	-0.066153	0.74827	0.74868	0.999955	652	1	-0.066153
G0879	10	0.982	0.98257	0.999995	954	0	0.09673	0.39052	0.52623	0.999955	359	2	0.09673
G0201	10	0.98219	0.98272	0.999995	955	0	0.22276	0.15261	0.28831	0.999955	135	2	0.22276
G0941	10	0.98494	0.98561	0.999995	956	0	0.11764	0.82768	0.82679	0.999955	754	0	0.11764
G0731	10	0.98591	0.98659	0.999995	957	0	0.086673	0.38938	0.52504	0.999955	357	2	0.086673
G0210	10	0.98696	0.98762	0.999995	958	0	0.7456	1.3041e-07	4.9505e-06	0.000127	35	9	0.7456
G0024	10	0.98729	0.988	0.999995	959	0	0.06065	0.38248	0.5178	0.999955	345	2	0.06065
G0420	10	0.98942	0.98982	0.999995	960	0	0.0017381	0.92005	0.91956	0.999955	864	0	0.0017381
G0693	10	0.99056	0.99088	0.999995	961	0	0.092533	0.9055	0.90514	0.999955	845	0	0.092533
G0079	10	0.99091	0.99121	0.999995	962	0	0.29284	0.020142	0.061045	0.999955	61	4	0.29284
G0337	10	0.99133	0.9916	0.999995	963	0	0.089948	0.49344	0.58278	0.999955	433	1	0.089948
G0004	10	0.99135	0.99164	0.999995	964	0	0.19776	0.31624	0.44992	0.999955	260	2	0.19776
G0311	10	0.99223	0.99245	0.999995	965	0	0.22868	0.33803	0.471	0.999955	286	2	0.22868
G0942	10	0.99285	0.99312	0.999995	966	0	2.2539	1.0124e-16	4.9505e-06	0.000127	8	9	2.2539
G0809	10	0.99334	0.99377	0.999995	967	0	0.24014	0.011223	0.037738	0.686139	55	4	0.24014
G0487	10	0.99596	0.99602	0.999995	968	0	0.11209	0.85153	0.85092	0.999955	791	0	0.11209
G0321	10	0.99653	0.99658	0.999995	969	0	0.2677	0.18364	0.31791	0.999955	149	2	0.2677
G0662	10	0.99773	0.9976	0.999995	970	0	1.127	7.9805e-07	4.9505e-06	0.000127	38	7	1.127
G0052	10	0.99802	0.99792	0.999995	971	0	3.1588	3.0156e-20	4.9505e-06	0.000127	2	9	3.1588
G0783	10	0.9991	0.99892	0.999995	972	0	1.4052	1.0075e-08	4.9505e-06	0.000127	29	9	1.4052
G0191	10	0.99949	0.99933	0.999995	973	0	0.8959	8.5358e-08	4.9505e-06	0.000127	33	9	0.8959
G0374	10	0.99958	0.99945	0.999995	974	0	1.1592	3.783e-08	4.9505e-06	0.000127	31	8	1.1592
G0995	10	0.99979	0.99971	0.999995	975	0	0.3357	0.38286	0.51822	0.999955	346	2	0.3357
G0917	10	0.9999	0.99986	0.999995	976	0	1.3564	3.7077e-10	4.9505e-06	0.000127	24	8	1.3564
G0781	10	0.99991	0.99987	0.999995	977	0	0.96623	1.6192e-06	1.4851e-05	0.000371	40	6	0.96623
G0799	10	0.99994	0.9999	0.999995	978	0	2.2754	2.711e-16	4.9505e-06	0.000127	10	9	2.2754
G0606	10	0.99997	0.99997	0.999995	979	0	1.5782	2.3901e-13	4.9505e-06	0.000127	16	9	1.5782
G0647	10	0.99998	0.99997	0.999995	980	0	1.5669	2.5262e-10	4.9505e-06	0.000127	23	9	1.5669
G0669	10	0.99999	0.99999	0.999995	981	0	0.54754	0.0010174	0.0047574	0.110638	43	5	0.54754
G0650	10	0.99999	0.99999	0.999995	982	0	1.142	1.5509e-08	4.9505e-06	0.000127	30	8	1.142
G0098	10	0.99999	0.99999	0.999995	983	0	1.6277	8.352e-14	4.9505e-06	0.000127	15	9	1.6277
G0532	10	1.0	0.99999	0.999995	984	0	1.5747	1.9456e-12	4.9505e-06	0.000127	18	9	1.5747
G0422	10	1.0	1.0	0.999995	985	0	2.5692	1.1329e-17	4.9505e-06	0.000127	6	9	2.5692
G0035	10	1.0	1.0	0.999995	986	0	2.9297	1.9577e-14	4.9505e-06	0.000127	12	8	2.9297
G0987	10	1.0	1.0	0.999995	987	0	0.89186	2.9731e-06	3.4653e-05	0.000845	41	7	0.89186
G0349	10	1.0	1.0	0.999995	988	0	0.94065	4.2116e-10	4.9505e-06	0.000127	26	9	0.94065
G0362	10	1.0	1.0	0.999995	989	0	1.1628	1.1088e-07	4.9505e-06	0.000127	34	8	1.1628
G0950	10	1.0	1.0	0.999995	990	0	1.1032	6.7992e-11	4.9505e-06	0.000127	20	9	1.1032
G0991	10	1.0	1.0	0.999995	991	0	1.6019	2.3312e-12	4.9505e-06	0.000127	19	10	1.6019
G0494	10	1.0	1.0	0.999995	992	0	2.2413	4.6659e-16	4.9505e-06	0.000127	11	10	2.2413
G0510	10	1.0	1.0	0.999995	993	0	1.1263	8.3256e-13	4.9505e-06	0.000127	17	10	1.1263
G0965	10	1.0	1.0	0.999995	994	0	1.4742	3.4431e-14	4.9505e-06	0.000127	13	10	1.4742
G0567	10	1.0	1.0	0.999995	995	0	1.6309	2.6119e-16	4.9505e-06	0.000127	9	10	1.6309
G0570	10	1.0	1.0	0.999995	996	0	2.8587	3.8731e-20	4.9505e-06	0.000127	3	10	2.8587
G0825	10	1.0	1.0	0.999995	997	0	3.5958	6.2971e-27	4.9505e-06	0.000127	1	10	3.5958
G0491	10	1.0	1.0	0.999995	998	0	2.9394	3.4526e-19	4.9505e-06	0.000127	4	10	2.9394
G0280	10	1.0	1.0	0.999995	999	0	2.0911	2.8427e-17	4.9505e-06	0.000127	7	10	2.0911
G0845	10	1.0	1.0	0.999995	1000	0	2.2518	6.2943e-18	4.9505e-06	0.000127	5	10	2.2518
